0.000000 
0.930893 
1.599637 
0.187615 
1.867739 
0.451680 
0.080169 
0.811682 
0.283502 
0.377939 
0.008273 
0.095042 
0.650532 
0.907611 
0.032905 
0.435322 
1.761252 
0.653054 
0.685239 
0.635456 
0.272686 
0.879321 
1.457385 
0.071552 
0.148265 
0.745928 
0.106702 
0.010272 
0.048981 
1.001504 
0.429330 
0.313172 
0.114115 
0.825155 
0.238593 
0.050723 
0.406307 
0.485381 
1.670292 
0.575909 
0.673622 
0.169872 
0.342094 
1.955789 
1.274188 
2.718629 
1.883303 
1.894369 
0.032499 
0.282236 
0.351631 
0.089516 
1.813507 
2.898748 
1.393446 
0.005213 
0.752252 
0.801833 
0.419369 
1.265383 
1.124775 
0.546358 
0.381958 
2.871430 
0.207528 
5.485667 
0.078067 
1.767687 
1.859059 
1.697896 
1.415286 
2.938269 
0.929184 
5.247602 
1.207144 
2.469600 
2.014770 
7.143857 
4.389961 
0.005231 
1.560891 
5.109649 
3.220193 
2.404380 
1.525235 
4.172667 
1.483094 
2.942133 
7.891246 
3.757114 
4.895387 
0.276047 
2.332075 
1.985803 
2.375183 
4.674783 
9.253640 
6.287715 
8.638268 
16.518137 
10.019285 
4.695123 
3.385967 
0.101133 
7.907176 
7.811856 
1.734438 
17.077810 
18.179396 
4.422438 
1.024923 
34.013611 
34.730976 
31.519947 
4.336003 
14.097651 
2.262918 
6.296196 
6.018370 
7.327750 
10.691942 
5.747585 
13.837686 
38.062660 
2.499284 
18.714067 
23.986671 
51.961617 
94.503998 
184.166687 
68.173607 
210.519257 
386.779907 
524.263367 
633.882202 
1722.409912 
1311.998779 
600.959778 
166.505936 
154.309021 
265.329102 
163.035217 
195.722366 
259.727478 
130.446426 
175.232330 
24.304840 
48.812183 
3.888693 
36.338219 
165.084259 
232.124084 
44.784401 
19.022387 
56.657555 
61.917831 
100.353149 
57.655045 
120.351807 
47.025787 
51.478813 
44.191586 
57.421333 
14.568973 
61.155235 
41.853119 
50.070557 
6.161715 
47.429390 
22.863186 
48.115578 
48.357777 
14.657286 
27.529955 
18.739426 
19.031740 
39.664349 
7.496833 
2.971829 
31.154451 
44.109509 
9.911610 
13.843462 
34.142159 
12.183032 
54.868484 
16.215635 
5.973277 
15.678682 
25.490292 
0.281540 
10.891719 
8.279145 
21.057295 
46.265228 
11.026457 
21.465267 
8.776903 
31.008581 
12.782202 
11.012875 
26.719095 
1.915526 
2.040017 
4.073907 
8.665499 
30.391937 
8.817210 
16.454706 
43.711639 
5.127491 
20.046453 
13.010858 
16.371603 
27.149342 
22.182943 
10.541276 
80.581924 
33.695831 
19.747305 
30.697010 
28.357910 
67.665367 
31.326118 
37.613464 
10.214257 
52.010719 
21.572060 
17.696064 
11.429770 
4.280563 
5.277029 
8.729710 
8.140740 
6.308688 
16.419319 
16.603415 
4.274600 
1.147790 
30.493761 
1.981064 
4.265143 
5.934835 
14.653226 
3.549781 
8.084870 
18.403221 
3.290801 
14.348791 
23.791704 
9.307201 
60.973354 
1.449508 
10.035771 
0.786591 
43.129208 
56.161854 
74.880745 
71.120277 
8.733676 
3.916447 
47.562717 
16.024687 
38.233871 
200.169678 
119.738274 
76.911354 
442.220184 
62.078651 
488.063599 
59.293213 
99.366638 
229.806717 
172.598633 
111.727943 
10.265081 
45.800720 
46.307251 
72.137878 
111.508469 
50.923405 
43.486546 
57.966206 
13.758940 
19.130913 
2.914366 
66.344070 
32.376011 
14.921419 
8.334174 
6.637545 
15.445531 
0.872248 
16.026371 
31.366945 
13.581398 
3.916679 
68.667328 
22.093187 
4.162881 
764.217346 
8.007520 
63.364182 
33.972427 
13.613942 
18.490477 
15.230487 
2.859851 
14.825190 
10.496165 
41.969189 
7.995224 
16.087793 
25.428598 
1.390020 
4.314475 
8.749808 
0.838006 
9.085169 
27.768719 
4.265362 
10.221605 
5.392805 
12.308887 
12.933964 
2.574749 
22.313917 
3.574044 
6.960797 
2.207276 
12.916299 
0.360700 
2.163337 
11.400430 
4.083017 
9.412351 
4.645047 
11.465087 
6.143995 
3.705079 
5.050179 
4.371661 
6.137012 
11.243309 
7.383720 
2.561091 
9.169130 
4.710945 
8.489469 
6.650998 
1.553744 
9.022487 
8.704992 
6.773796 
6.660714 
3.184019 
3.820247 
10.937516 
2.362674 
10.892337 
7.291055 
7.883938 
5.149108 
8.682871 
1.975788 
4.119145 
0.631193 
4.670521 
2.619955 
5.694132 
6.090061 
9.516133 
12.162658 
4.924739 
5.053794 
3.739010 
13.674781 
6.700335 
3.782895 
15.453587 
8.060239 
7.109663 
2.119536 
10.086139 
11.511367 
11.465245 
41.226109 
13.058788 
30.014513 
22.577785 
21.239180 
23.142069 
15.878325 
13.681009 
80.790047 
16.905466 
5.219140 
5.173029 
102.997925 
83.788994 
122.655571 
179.772217 
53.191319 
213.323975 
26.987190 
63.440670 
48.863598 
204.720383 
217.534470 
177.813126 
39.581509 
25.213030 
13.049909 
11.731974 
51.348953 
24.699211 
4.854934 
79.058723 
73.177895 
28.038260 
35.010704 
4.458695 
32.660873 
5.942191 
0.214125 
6.853554 
15.635015 
24.798861 
3.341131 
33.937050 
28.480604 
5.812776 
17.166071 
15.466596 
29.202042 
6.681688 
13.419688 
24.694975 
32.758209 
24.483423 
14.766436 
27.466843 
8.288913 
27.640293 
22.577240 
33.984657 
18.662334 
30.718994 
11.120946 
43.200268 
5.369633 
5.302979 
2.454408 
3.570939 
5.367610 
44.775352 
27.177395 
22.588629 
15.460407 
36.947269 
2.724519 
9.671135 
15.028913 
25.434757 
1.620237 
41.316685 
4.928413 
1.318151 
6.334865 
28.998371 
8.460933 
43.202557 
9.224607 
21.634432 
25.905607 
9.147438 
14.813578 
16.646719 
13.716726 
19.230598 
16.420250 
6.744060 
3.949861 
9.706230 
6.241412 
27.919361 
12.428040 
1.034790 
8.179990 
8.962522 
3.969600 
15.298267 
3.105869 
4.230580 
7.037812 
11.027763 
6.805392 
1.688043 
19.925842 
6.484625 
0.884742 
7.426305 
4.925371 
1.997237 
3.460961 
2.184785 
1.725229 
11.031741 
9.733298 
2.312822 
17.224579 
19.097572 
4.371740 
5.864349 
17.162125 
11.440915 
7.876486 
23.186750 
15.693693 
24.866194 
1.813357 
31.277500 
25.727438 
44.988914 
59.116684 
47.271473 
9.552749 
152.518158 
131.395355 
198.882446 
108.972870 
96.530800 
173.107254 
7.631028 
123.232635 
85.511597 
40.423988 
103.145256 
112.894440 
65.655411 
124.269630 
83.224388 
61.208492 
22.702360 
122.695396 
124.169319 
72.185005 
20.491705 
49.178551 
28.309752 
21.172916 
7.251816 
2.329282 
3.261953 
37.878727 
61.818600 
49.097961 
49.055210 
78.948830 
36.538071 
24.704027 
9.383688 
6.269701 
11.679612 
18.344044 
13.822961 
3.204895 
14.600365 
6.664563 
25.338419 
11.845678 
3.349343 
7.320705 
15.650409 
14.400161 
1.720320 
8.925223 
11.751405 
6.531543 
8.082397 
16.558676 
4.514918 
0.915199 
7.845935 
2.277722 
4.348038 
4.445501 
2.595638 
0.993125 
1.624424 
3.193186 
5.763789 
4.274933 
4.831867 
9.541028 
3.935844 
1.280786 
3.389364 
3.307794 
0.783951 
1.939035 
6.538507 
6.067965 
7.514460 
6.956205 
0.937220 
0.514408 
3.987697 
4.138706 
1.240789 
0.234514 
1.721040 
0.631849 
1.469510 
5.117359 
2.074911 
2.499458 
0.554303 
1.451675 
6.951585 
3.139003 
3.616993 
1.652146 
1.851445 
2.276548 
3.853759 
0.546357 
1.195681 
5.386666 
0.626608 
0.903477 
1.304372 
0.850559 
0.316514 
1.215055 
3.330396 
5.352382 
2.296489 
10.491747 
1.870525 
0.647816 
5.651118 
2.280986 
1.121367 
4.193465 
2.462968 
5.435096 
8.127302 
4.683256 
3.530368 
10.167543 
6.183093 
12.620954 
12.723135 
25.002304 
4.128461 
12.102712 
17.020157 
24.748594 
4.013630 
45.757965 
13.624210 
9.640653 
20.862059 
85.161469 
7.810632 
71.192017 
22.254904 
98.610115 
45.553616 
46.749317 
20.073999 
3.868654 
28.046162 
36.089409 
47.258621 
5.237421 
11.462847 
3.449498 
20.634214 
30.793343 
9.685237 
17.017342 
11.559874 
19.808167 
29.890209 
20.385038 
28.493750 
31.877373 
33.233585 
31.189293 
25.956882 
17.468292 
28.350563 
20.472580 
18.048147 
13.638248 
10.147515 
14.430569 
12.514936 
6.272755 
1.400896 
3.263587 
2.100610 
1.849428 
6.645066 
10.367036 
6.337572 
4.493546 
1.434816 
5.221749 
7.548342 
8.386935 
2.395379 
4.207012 
6.983821 
9.693110 
4.078691 
0.844545 
5.713602 
2.675217 
1.783814 
3.034883 
6.635077 
0.781509 
4.543159 
1.112502 
2.560451 
0.156224 
4.551118 
2.829449 
1.034453 
0.531106 
3.058354 
4.919696 
2.501940 
0.823276 
6.117942 
0.916240 
0.956938 
1.451862 
4.592251 
1.364737 
2.120003 
0.141509 
1.196888 
5.874580 
1.614320 
1.820016 
2.291019 
1.053414 
3.368096 
0.589280 
0.840650 
2.156194 
3.930001 
14.177724 
29.207838 
151.398361 
4.727974 
3.645109 
4.976445 
2.539555 
1.567982 
1.323432 
4.431456 
2.470178 
4.161903 
2.512846 
3.009132 
1.400496 
0.732622 
2.525375 
5.087744 
6.261461 
15.153311 
1.453498 
2.725195 
1.499474 
4.079011 
0.185854 
2.555265 
12.850641 
13.682955 
21.729877 
18.572973 
4.779320 
21.034140 
3.413554 
21.788021 
24.071070 
50.565136 
43.503559 
66.629616 
51.737862 
31.164299 
20.593750 
12.988485 
32.082382 
39.001007 
6.008363 
40.469723 
34.857304 
30.376156 
35.340580 
9.664200 
31.632345 
23.055628 
45.326473 
20.509094 
19.975065 
26.071211 
7.894794 
30.427505 
22.229862 
12.703567 
10.187938 
19.112072 
6.937029 
12.853209 
1.898250 
1.314608 
0.872197 
10.016644 
7.651983 
15.266683 
2.620959 
10.254430 
1.752722 
4.625271 
13.096268 
19.187180 
7.118932 
17.010803 
24.392090 
12.450036 
2.723387 
12.659828 
12.613032 
6.038821 
5.170954 
1.800218 
1.510476 
4.067117 
3.226665 
0.595901 
0.614004 
6.609013 
4.440530 
6.554608 
2.693855 
4.195020 
3.934325 
4.735408 
1.290536 
9.359055 
0.666570 
3.273010 
2.480758 
1.989704 
2.660145 
4.854791 
2.171290 
1.354644 
1.722613 
2.364935 
1.948899 
0.346452 
1.152868 
0.755025 
7.837439 
2.481461 
1.269145 
1.131436 
3.593423 
0.663535 
5.559546 
6.410688 
3.850794 
0.125002 
0.869482 
1.837268 
4.649209 
6.301866 
4.473339 
1.282773 
1.765490 
3.476988 
1.430440 
2.708109 
3.426641 
1.278291 
0.641756 
0.752374 
0.313236 
3.519388 
5.609379 
6.051462 
4.550940 
3.541305 
3.451190 
9.524084 
2.486683 
4.536445 
7.918092 
4.260769 
0.760668 
5.132031 
12.131570 
12.830887 
7.077444 
1.745981 
4.316388 
7.860446 
5.329319 
19.242674 
6.146453 
33.845974 
18.815163 
16.476242 
18.488159 
18.328642 
11.931299 
31.585201 
24.907427 
19.151850 
16.565561 
23.012917 
80.405075 
10.629563 
59.232784 
21.004324 
21.615376 
50.115032 
12.455352 
45.584629 
59.709076 
49.729214 
12.204302 
18.528107 
25.894716 
15.766568 
14.581132 
19.381794 
15.086143 
8.951996 
9.454504 
21.825972 
28.735195 
5.561696 
17.744789 
18.438478 
16.120367 
5.446485 
16.471264 
35.403267 
38.972637 
60.411999 
53.022163 
31.463955 
29.703146 
26.006435 
33.259323 
4.700269 
12.398314 
9.175785 
6.008195 
24.906172 
27.357412 
25.697815 
12.587204 
9.937496 
15.676502 
7.076774 
5.460203 
11.895087 
16.667089 
8.385712 
6.647817 
2.897089 
2.560465 
4.109426 
4.658163 
4.982434 
12.006904 
17.640121 
14.364542 
9.541027 
6.665349 
5.775735 
3.944701 
2.836265 
12.894749 
13.946462 
22.377645 
16.013773 
9.142868 
44.415596 
3.065292 
5.466792 
3.787331 
3.421887 
0.554431 
0.757130 
1.465969 
3.800399 
2.395993 
12.967833 
18.206438 
3.684500 
4.926941 
5.773555 
6.657201 
10.778835 
8.645927 
8.582113 
4.893570 
2.800400 
0.772322 
12.332888 
5.895885 
9.985025 
4.293278 
8.460311 
2.882939 
9.773601 
6.641130 
10.309207 
10.434803 
4.772852 
5.701813 
2.190742 
2.833245 
7.872192 
8.798848 
9.215876 
5.257584 
3.279466 
11.089671 
9.783340 
2.848597 
8.210039 
6.770089 
17.942863 
5.848707 
12.602954 
12.072166 
30.826220 
7.961582 
22.439783 
14.952384 
21.352814 
13.285656 
19.100025 
43.147709 
13.508945 
20.699064 
23.462759 
25.226189 
62.270893 
39.388412 
39.333088 
36.499104 
33.453655 
43.008457 
17.927971 
17.182869 
7.423905 
22.089390 
40.353401 
52.447330 
57.601036 
55.792652 
109.006035 
37.617188 
43.825687 
24.459467 
60.181221 
40.129108 
17.061796 
7.760525 
38.932201 
16.891037 
50.187672 
10.231805 
26.925247 
9.117553 
10.994050 
16.494112 
21.284731 
12.800476 
22.277800 
23.412912 
12.882446 
5.179730 
6.949431 
13.881309 
3.688635 
21.990545 
2.862579 
10.291609 
8.847415 
7.563296 
7.032927 
10.651220 
14.184772 
7.238935 
4.773592 
15.528769 
10.501863 
8.578365 
6.883322 
16.792019 
4.242263 
1.938485 
7.673289 
3.299195 
4.502848 
4.328672 
2.621722 
4.273060 
1.484702 
9.886452 
2.339143 
5.971577 
10.243211 
6.242864 
12.033002 
3.038020 
0.245565 
5.065718 
3.023621 
1.302450 
2.924107 
6.669982 
2.768021 
0.595090 
6.248536 
0.505157 
0.300159 
4.509653 
1.003928 
1.543586 
2.821356 
1.209334 
2.661404 
1.300987 
1.653055 
2.052714 
3.122077 
3.227095 
1.876103 
3.398524 
2.738095 
2.679943 
8.804834 
1.815223 
0.668382 
4.192934 
3.003772 
3.852567 
4.775935 
3.004464 
7.365176 
3.685611 
3.439708 
1.736063 
4.616501 
8.489519 
5.281621 
5.600845 
3.703202 
2.571697 
10.297962 
3.881637 
11.641270 
18.088179 
25.049547 
31.172897 
16.978474 
16.140930 
31.230247 
19.290678 
7.801509 
24.547403 
29.786524 
16.441282 
14.375705 
12.362707 
10.680375 
32.224674 
18.500114 
28.204760 
5.170937 
14.181967 
33.421886 
43.112274 
9.409598 
23.465565 
26.805256 
69.833214 
26.464880 
53.558289 
28.610348 
25.525314 
44.882130 
6.453424 
16.016577 
26.930037 
41.070019 
21.146046 
9.498534 
25.379427 
34.098640 
8.328210 
25.281105 
12.341189 
7.038288 
27.123999 
22.620113 
9.829237 
7.486436 
2.822723 
11.669175 
5.308479 
14.935174 
23.116970 
2.712282 
9.108190 
19.453787 
24.690960 
18.437531 
8.076984 
17.310932 
12.234957 
9.395695 
4.380509 
7.950105 
6.089092 
4.383415 
16.606043 
15.227568 
10.978971 
0.897925 
3.333964 
3.053874 
1.817950 
2.020514 
2.710232 
2.192817 
5.386093 
4.691770 
2.430021 
4.395682 
0.719501 
1.017018 
4.721223 
1.141636 
5.987541 
0.595900 
1.174522 
4.755836 
2.447093 
1.008016 
3.804026 
1.920667 
3.184762 
2.791634 
7.783501 
1.574119 
6.604186 
2.545249 
1.547228 
0.749156 
2.359544 
1.045028 
1.958022 
5.387576 
3.008048 
1.050595 
2.678452 
1.610985 
2.978787 
2.036004 
2.119176 
1.303108 
5.290542 
1.790429 
5.633693 
1.154202 
1.875529 
1.890474 
3.197406 
2.052181 
3.095218 
4.824090 
0.282407 
3.227073 
2.377485 
0.295386 
2.189674 
5.565808 
2.655946 
0.701994 
1.981607 
1.933849 
2.365511 
0.096331 
3.977451 
0.819905 
4.030492 
1.467783 
1.141640 
1.510163 
0.607441 
1.075320 
3.256890 
4.509462 
4.551118 
5.478230 
1.666617 
3.392393 
6.877683 
12.287284 
1.946562 
4.638345 
4.944910 
3.699875 
6.993558 
6.666573 
0.783109 
7.452277 
10.719646 
10.457934 
4.714605 
2.716638 
7.552427 
7.666780 
4.069870 
5.235536 
8.246749 
6.036382 
5.907971 
5.838344 
5.684551 
2.308702 
3.260642 
4.645922 
2.896742 
5.201815 
7.065409 
11.280826 
8.487355 
16.814833 
4.665843 
9.947001 
5.875742 
11.852619 
6.101832 
2.070003 
4.133589 
4.303295 
2.285041 
1.935126 
4.607613 
6.540437 
3.685214 
1.385994 
7.119641 
1.376318 
2.194239 
1.498655 
1.686948 
0.579786 
0.169150 
1.420285 
0.291133 
1.022301 
0.416971 
0.891581 
1.834177 
0.381459 
1.073704 
0.754661 
0.275297 
0.522283 
0.445123 
1.281864 
1.643031 
1.204569 
1.538988 
0.793294 
0.485919 
1.919058 
0.144475 
2.779469 
1.376457 
1.412444 
0.565377 
2.858415 
1.264112 
3.473636 
2.881288 
2.328356 
1.734950 
2.235486 
1.407282 
2.051992 
0.711867 
1.970850 
0.888324 
0.746199 
1.386906 
0.437783 
2.861841 
1.456641 
0.653749 
1.494835 
1.114820 
0.287920 
0.862207 
1.353466 
0.406108 
0.641443 
3.072584 
2.003771 
0.722184 
3.146233 
2.515776 
0.426789 
2.630563 
2.402656 
2.123689 
5.846766 
2.723812 
8.020590 
8.068968 
0.338249 
2.316861 
0.752010 
1.408377 
5.397773 
2.206156 
3.112065 
1.381553 
2.669728 
2.348960 
3.963217 
4.048393 
0.756450 
3.861183 
2.840708 
6.458037 
5.456989 
5.919817 
4.702700 
3.741017 
3.019053 
4.521807 
4.416365 
2.910374 
4.944584 
5.417415 
3.811582 
4.035398 
14.881295 
17.336512 
5.566515 
14.106503 
10.961453 
13.075459 
8.686059 
16.365295 
9.105678 
13.391693 
4.216818 
3.706270 
11.429744 
8.746960 
6.830775 
16.467157 
10.272813 
3.508466 
0.412535 
10.330341 
5.904311 
22.712168 
2.812488 
11.258169 
7.725281 
25.512436 
9.680453 
13.227782 
9.182467 
8.276010 
16.715958 
12.585049 
14.437092 
6.957654 
7.071111 
2.126087 
6.338160 
9.374345 
6.009303 
11.344767 
19.246103 
14.824764 
6.328087 
0.588470 
2.006811 
0.809035 
2.259846 
2.545833 
4.407433 
2.953976 
3.254989 
1.452158 
2.754745 
0.749702 
3.206746 
1.724264 
2.759936 
2.255014 
1.180749 
1.741148 
4.732432 
2.239476 
0.826852 
1.984727 
2.786261 
1.843603 
2.892729 
1.603653 
3.384146 
3.112159 
8.297385 
3.343968 
8.622597 
2.135196 
1.501366 
4.247903 
5.115352 
5.196687 
6.416869 
4.681413 
0.511694 
4.048641 
2.630545 
7.360969 
3.733368 
2.661550 
3.975345 
1.905811 
2.348426 
0.715987 
5.029944 
3.206270 
6.243406 
2.601114 
5.688053 
0.956801 
1.474360 
4.875140 
5.759934 
2.050551 
5.613843 
7.688259 
2.897486 
1.545475 
2.743696 
2.730234 
4.221862 
0.721873 
2.537435 
0.556947 
1.939795 
0.864874 
2.903612 
1.730815 
6.699276 
7.884937 
2.302317 
1.806358 
3.438303 
8.108186 
7.313228 
1.829695 
11.075277 
5.654657 
7.001443 
9.504286 
6.676197 
12.176600 
6.183239 
2.423116 
11.218286 
6.082459 
0.640783 
15.854972 
11.904684 
2.823853 
11.750040 
7.157984 
8.440066 
4.278540 
13.400264 
17.447550 
3.331083 
2.229936 
2.963292 
4.680611 
3.010199 
10.328714 
7.863287 
3.203772 
2.595579 
2.724776 
4.469244 
1.588169 
4.873185 
1.322765 
8.067240 
7.143639 
4.400018 
7.530654 
10.565084 
12.611410 
3.601274 
5.886061 
6.588758 
3.322070 
3.662548 
4.573176 
1.093805 
3.730865 
7.732163 
5.555300 
5.622828 
5.801670 
5.394710 
2.839990 
2.467552 
2.932802 
2.397112 
3.393030 
0.668630 
0.770477 
0.908462 
3.132801 
0.613225 
1.465291 
2.820353 
1.237420 
0.909790 
1.920258 
1.296477 
1.702236 
1.540655 
2.150717 
1.186272 
1.573428 
1.886769 
1.361704 
2.657437 
4.146787 
2.195500 
5.146118 
4.176874 
3.337112 
3.749600 
3.403786 
3.153348 
3.134630 
1.735208 
2.476510 
5.941286 
2.523853 
0.938681 
0.672518 
1.267006 
0.879583 
0.717763 
2.598497 
2.475763 
0.751815 
0.524032 
1.041240 
0.989774 
2.521425 
1.382485 
0.854766 
1.237587 
1.932933 
1.619291 
1.976181 
1.468768 
0.542176 
1.899637 
1.496951 
0.853103 
1.267729 
2.416021 
2.647106 
2.024265 
2.212890 
1.513123 
0.154483 
1.119318 
0.258460 
1.731601 
1.431079 
1.504191 
1.941935 
1.796951 
1.537815 
1.274685 
2.256228 
2.340321 
3.001139 
1.281234 
3.157268 
2.639752 
2.616488 
2.417657 
5.359000 
2.085893 
0.275671 
2.079671 
2.699691 
0.979582 
5.313215 
5.154748 
2.015485 
4.252600 
3.086042 
5.323023 
2.537217 
0.834274 
1.601524 
6.153697 
5.597749 
6.579897 
7.348288 
3.602541 
2.024840 
7.423811 
3.654255 
2.447830 
4.452857 
6.361185 
0.897886 
1.948934 
9.005220 
6.744179 
7.085479 
2.320788 
6.576237 
2.862942 
10.376282 
1.352615 
3.796735 
3.398789 
7.784686 
2.577469 
2.082170 
6.067966 
5.787256 
2.426806 
4.417036 
3.186228 
2.417059 
5.041048 
4.619815 
5.101950 
6.133628 
5.361411 
3.986781 
5.200744 
6.974690 
6.146162 
2.198246 
1.633853 
1.576791 
1.402521 
1.950379 
3.430920 
2.901171 
1.240611 
1.619770 
1.051818 
0.390429 
0.847196 
1.411461 
0.887610 
0.986905 
1.733317 
2.779387 
1.505906 
0.867397 
0.536890 
0.873599 
0.623143 
0.394127 
1.343299 
1.317741 
0.784224 
0.316089 
0.444106 
1.301977 
1.256483 
1.956674 
0.806762 
0.298027 
0.503504 
1.259451 
1.093194 
0.404396 
1.924009 
0.351064 
1.285343 
0.824143 
0.779963 
0.633170 
1.060377 
1.070914 
0.421091 
0.671773 
2.124694 
1.192599 
1.154131 
0.376781 
0.266807 
0.879264 
0.146666 
2.020082 
1.772292 
1.107479 
0.889944 
1.357216 
0.404125 
0.062663 
0.549287 
1.332716 
0.493836 
0.305982 
0.180145 
1.602415 
1.843632 
0.448689 
0.284390 
1.351542 
1.956754 
0.772499 
1.322096 
0.795001 
1.947952 
1.117398 
2.296998 
1.106894 
0.473608 
1.426571 
1.502712 
2.625424 
0.882919 
2.314521 
1.868711 
2.025459 
0.469052 
2.201038 
2.892350 
1.341981 
1.398264 
0.743696 
1.516131 
0.544579 
0.393266 
1.970328 
2.148671 
0.780966 
0.581601 
0.809634 
1.657802 
1.595445 
0.866346 
0.702591 
1.091752 
1.398830 
0.734031 
1.267841 
1.872213 
0.176390 
0.472977 
0.622922 
2.488853 
0.487024 
1.196568 
0.813723 
1.011975 
0.602241 
0.051752 
0.656156 
0.621222 
0.245489 
0.628812 
0.414846 
0.543839 
0.339456 
0.233487 
0.702038 
0.909883 
1.178657 
1.391719 
0.414685 
0.343492 
1.482011 
1.494015 
0.671435 
0.772916 
0.160071 
0.480513 
0.378753 
0.508695 
0.563070 
0.444331 
0.548873 
0.629761 
0.051449 
0.581477 
0.241151 
0.557462 
0.192855 
0.416531 
0.274242 
0.261689 
0.065922 
0.575709 
0.650510 
0.373201 
0.045091 
0.530042 
0.386179 
0.602284 
0.522254 
1.009290 
0.358745 
0.778945 
0.346860 
0.814501 
0.356637 
1.468776 
0.685282 
0.240261 
1.088472 
1.041475 
1.457823 
0.354136 
0.299358 
0.732994 
0.842802 
0.125601 
0.728946 
0.079417 
0.252974 
0.425504 
0.671054 
0.412965 
0.221137 
0.280454 
0.305800 
0.467780 
0.143671 
0.808290 
0.214823 
0.160128 
0.078160 
0.356660 
0.334373 
0.225852 
0.095903 
1.009791 
0.717514 
0.600719 
0.404914 
0.952680 
1.398109 
0.965631 
0.679604 
0.822093 
0.899835 
0.343435 
1.080725 
1.390186 
0.700005 
0.874811 
1.998791 
0.924189 
1.277674 
2.418783 
2.146606 
0.176065 
0.475411 
0.477367 
2.420317 
2.805735 
0.983692 
1.147484 
1.147109 
1.272971 
1.150867 
0.761686 
1.958713 
0.986197 
1.887596 
1.909595 
1.966117 
0.323720 
1.018622 
2.286375 
0.463459 
0.238860 
1.974336 
2.288023 
0.201760 
0.332597 
1.731143 
0.988992 
2.652307 
0.980598 
2.124758 
1.669216 
5.165304 
1.471853 
1.630256 
1.434938 
2.970956 
2.328477 
0.842262 
0.947411 
0.449683 
1.731713 
0.968993 
1.866164 
0.797293 
0.217984 
0.435146 
0.593169 
1.566280 
1.372666 
0.476202 
2.091163 
4.349205 
3.568125 
1.789657 
0.976729 
1.256443 
1.489631 
1.298190 
1.407780 
1.278618 
0.415139 
0.500238 
0.179544 
0.092887 
0.556818 
0.224790 
0.594939 
0.483304 
0.584720 
1.594158 
1.353618 
0.289069 
0.457033 
0.821686 
1.493935 
1.560746 
0.644434 
0.420487 
0.590954 
1.068546 
0.392617 
0.525112 
0.189015 
0.757800 
0.380105 
1.445993 
1.396475 
0.751789 
0.643180 
0.572359 
0.109899 
1.150646 
0.892370 
1.158393 
0.526484 
0.822786 
0.610288 
0.706969 
0.637586 
1.206153 
0.441249 
0.413476 
1.510955 
0.322915 
1.113221 
1.644670 
0.494218 
1.371218 
1.929331 
1.389567 
1.371510 
1.541221 
2.452893 
2.636795 
1.486228 
1.769698 
3.549590 
1.679981 
2.534802 
1.696626 
1.972466 
1.310441 
2.077803 
2.737857 
1.417414 
2.887605 
1.973158 
2.324039 
3.610500 
0.648795 
1.657700 
3.218148 
3.289953 
0.935607 
4.502576 
2.404202 
1.017174 
4.083422 
1.885513 
6.938634 
2.879393 
4.195092 
3.067456 
3.939510 
1.706916 
2.431621 
4.404927 
5.690744 
2.282851 
3.351795 
2.723685 
3.388037 
3.521469 
1.358740 
2.881230 
0.731516 
6.140955 
5.431663 
1.917670 
2.459870 
1.825331 
3.385711 
5.240253 
4.184186 
2.094754 
6.342487 
10.190537 
6.493878 
6.669227 
6.674318 
6.566998 
4.139672 
3.648831 
9.155936 
4.430896 
5.127390 
0.987914 
4.480357 
4.475729 
0.997511 
2.760156 
8.667182 
9.818316 
7.195323 
6.390453 
3.403641 
7.387416 
8.360287 
6.234196 
3.455125 
3.207004 
2.554841 
3.332458 
7.234630 
5.682793 
2.074157 
0.555210 
2.975564 
2.506966 
1.433571 
2.214613 
2.667188 
2.726996 
2.032427 
3.992933 
3.251153 
1.395421 
0.224785 
1.061659 
2.141531 
1.794343 
1.230630 
0.352199 
1.075525 
1.496292 
1.051722 
2.263474 
1.251693 
0.932285 
0.737499 
0.962807 
0.471227 
2.172863 
0.315144 
0.841544 
1.015354 
2.004768 
1.079845 
1.732563 
1.093833 
1.499415 
2.844005 
1.179681 
0.363813 
1.698221 
0.961545 
0.234670 
1.761446 
2.746705 
1.486664 
4.008019 
1.985496 
4.933157 
5.239119 
3.640163 
1.353407 
5.238049 
0.240233 
1.783245 
4.255558 
1.160375 
3.050854 
1.482478 
4.744885 
1.152273 
1.263170 
0.475528 
4.077904 
1.794561 
1.955971 
1.778228 
3.318123 
2.658075 
2.127894 
2.548278 
4.736743 
1.099172 
1.704589 
3.662860 
4.012896 
2.323514 
2.819770 
4.251179 
5.080830 
2.746568 
3.532458 
2.970537 
4.506213 
0.397921 
0.576475 
3.653056 
5.209171 
1.857930 
6.974647 
2.926075 
7.034355 
3.697580 
2.254236 
4.141920 
1.613547 
8.461226 
4.448463 
2.741074 
2.704356 
1.731270 
1.062855 
2.320376 
3.455274 
2.834632 
3.849477 
3.707102 
2.560998 
1.365860 
6.220460 
1.843371 
2.849005 
1.651034 
3.918894 
8.766275 
2.049000 
5.153628 
4.506151 
1.175326 
3.534366 
6.791632 
4.241523 
3.885971 
2.968204 
5.292194 
5.425368 
3.418552 
0.430082 
6.816276 
7.941104 
6.954120 
4.704525 
0.698233 
3.341178 
4.512165 
2.395854 
0.224796 
2.764150 
0.696384 
0.491260 
1.261962 
2.918679 
1.415883 
1.868212 
2.202236 
1.286924 
4.004711 
4.748538 
5.043350 
4.528273 
3.424905 
3.824286 
2.079008 
2.864049 
5.246474 
1.712732 
2.499455 
1.579042 
3.568371 
2.526609 
1.924981 
2.964279 
1.544284 
1.309538 
1.964813 
2.383829 
1.214396 
0.945255 
0.433074 
1.553313 
0.467266 
0.719428 
1.073124 
0.213826 
0.962612 
0.809465 
1.547156 
1.366893 
0.931471 
1.550446 
0.533727 
3.675710 
0.600248 
1.433411 
2.030694 
1.922720 
1.824940 
2.926259 
1.220769 
2.641719 
1.666768 
0.707034 
0.408179 
2.157711 
2.142178 
3.591880 
1.642377 
1.732249 
0.461272 
2.689392 
3.155557 
1.753910 
2.391913 
2.009167 
1.774800 
1.608237 
0.440441 
3.146787 
3.885538 
2.485755 
1.954788 
3.596234 
2.420761 
2.127803 
2.748032 
2.412592 
2.354764 
2.418605 
4.043298 
0.074724 
3.484319 
2.010767 
1.466540 
1.798171 
2.847738 
2.922343 
3.042229 
0.929932 
0.984543 
1.793058 
1.066970 
1.525851 
2.060298 
2.215315 
1.338078 
2.553402 
0.875170 
1.516571 
2.646231 
0.678101 
4.176785 
2.456959 
0.872752 
1.684170 
3.402583 
3.715323 
2.779440 
1.151049 
3.931718 
0.642870 
0.982958 
2.725647 
1.926067 
3.411901 
2.843066 
1.148128 
2.536853 
3.328037 
3.527318 
9.704453 
11.306501 
9.771117 
8.624554 
5.155438 
1.733770 
8.216317 
7.285311 
3.833650 
1.506277 
6.075232 
3.908479 
1.464393 
7.171608 
5.904359 
3.319713 
1.640396 
1.892311 
5.314621 
0.624695 
5.430859 
6.647421 
4.041851 
2.331275 
4.696178 
2.470560 
1.254449 
0.511157 
1.803317 
3.453767 
2.078200 
0.534213 
0.721462 
1.519391 
2.495852 
1.645783 
0.565907 
0.806941 
0.164695 
2.002147 
1.158330 
1.554697 
0.860668 
1.293319 
0.690238 
2.147251 
0.878521 
0.497572 
0.992108 
2.434169 
0.530019 
2.384470 
2.902963 
0.565849 
1.730758 
4.030397 
1.572394 
3.067473 
3.205409 
4.979189 
6.400496 
1.393131 
6.290531 
2.496750 
4.568865 
4.253713 
2.888892 
1.467545 
1.950470 
2.263567 
0.713170 
4.423741 
2.726063 
2.464190 
5.282553 
3.206592 
2.235655 
5.518202 
1.207710 
5.275998 
10.178239 
1.651170 
7.740723 
3.945328 
1.463401 
9.543873 
6.598616 
0.942718 
3.557923 
1.378824 
1.349377 
3.304636 
8.432285 
1.457116 
2.776427 
1.513147 
7.173102 
2.160292 
5.758462 
2.900774 
8.721610 
3.346845 
4.593564 
2.000056 
4.179629 
6.831316 
5.061871 
6.739816 
4.736561 
7.285256 
11.341722 
7.835747 
5.687289 
7.676811 
5.957958 
3.414388 
14.213701 
6.593755 
10.835957 
16.986805 
3.522471 
4.428727 
9.927408 
4.638881 
7.800811 
0.971348 
3.856205 
5.209221 
1.045429 
6.062128 
4.689303 
2.011378 
4.634003 
4.849675 
4.981831 
3.223044 
5.955444 
5.088840 
5.270792 
2.258070 
2.385197 
4.748078 
7.605925 
4.661651 
6.138855 
5.589215 
2.425513 
3.590895 
3.915913 
4.972110 
1.524040 
3.829369 
4.633490 
2.259993 
0.597452 
4.827116 
4.606911 
5.453292 
4.353502 
9.412460 
1.834187 
8.541377 
8.955532 
4.615934 
3.913995 
6.340549 
0.989559 
2.988076 
1.360181 
1.729605 
2.491320 
1.442496 
4.065496 
5.521205 
3.103077 
0.648304 
1.595124 
1.327247 
1.849420 
2.767890 
1.523475 
1.310357 
2.565655 
1.692672 
1.671443 
4.466254 
3.764647 
4.980477 
3.124043 
1.861724 
5.295154 
5.889483 
5.844754 
4.850906 
2.194011 
4.858112 
12.030943 
8.880360 
5.457403 
3.188774 
3.809785 
5.911939 
6.540833 
7.496185 
1.987683 
11.219577 
1.658895 
5.175722 
3.001590 
4.397089 
3.741622 
6.955574 
7.966705 
4.982675 
8.390114 
4.322879 
6.099291 
4.678378 
6.405111 
12.273184 
9.569101 
1.782487 
2.423965 
3.960270 
3.496236 
5.821270 
12.178199 
2.931798 
9.407379 
6.153195 
1.397678 
5.336835 
1.754943 
10.062713 
10.883446 
6.677404 
2.699783 
4.270292 
8.290119 
1.724344 
0.651891 
4.910437 
2.912742 
9.208838 
4.982550 
9.123665 
3.074276 
10.491708 
4.545608 
7.189922 
2.907691 
2.941797 
3.844510 
9.713724 
10.325627 
8.172434 
7.135057 
5.276201 
4.902515 
12.691394 
3.428122 
11.325847 
2.354986 
2.773040 
5.199861 
4.784506 
1.969804 
1.922500 
0.713204 
2.912999 
3.227208 
0.953776 
5.501643 
5.104036 
0.666883 
5.824409 
6.378123 
0.688034 
2.757911 
5.896892 
2.474915 
2.150018 
5.279670 
0.202511 
0.502179 
4.871757 
2.522973 
2.024304 
1.591726 
1.453208 
4.455321 
1.564542 
2.987775 
4.727792 
1.086183 
2.513941 
1.750557 
5.007829 
0.944838 
0.899207 
1.115239 
2.589469 
1.718431 
3.057790 
3.844093 
0.632582 
2.031718 
1.931908 
1.422307 
0.769930 
0.962771 
0.557086 
0.953489 
1.283899 
1.805490 
1.698089 
2.489684 
0.950781 
2.908241 
0.427518 
4.038855 
1.247607 
1.548946 
1.551929 
0.485780 
4.592492 
3.225902 
1.921288 
1.086700 
5.896981 
0.781701 
2.532562 
3.288659 
5.294761 
0.158518 
2.670593 
3.953806 
1.830864 
0.493289 
1.761268 
1.957632 
0.718819 
5.692970 
0.299244 
4.631897 
4.380042 
5.214284 
6.975235 
5.255737 
3.741890 
7.379118 
3.976242 
5.678772 
1.620577 
3.499547 
2.728793 
2.123667 
1.458880 
1.904182 
3.250311 
0.297099 
3.685031 
1.570662 
3.026629 
3.869343 
2.412521 
0.936687 
0.647047 
4.007970 
2.179574 
0.284920 
1.242651 
0.847211 
1.397535 
1.146381 
0.802839 
1.688627 
0.832668 
0.270392 
1.078958 
0.662049 
1.336031 
1.258075 
1.334116 
1.404893 
4.610613 
4.070137 
2.417516 
2.010291 
2.052073 
6.740319 
4.217627 
5.103196 
2.255286 
2.244516 
2.814766 
5.127322 
3.078469 
1.275246 
0.670717 
0.709262 
3.135327 
2.777151 
2.161414 
1.949864 
1.623061 
1.908096 
1.335828 
1.451489 
2.074698 
1.724362 
1.457437 
1.108336 
1.084827 
2.245471 
4.720551 
0.955857 
1.591168 
1.191438 
0.680149 
1.975765 
2.690079 
0.428257 
0.254128 
3.954190 
0.872821 
0.518203 
3.400405 
0.880037 
1.370281 
0.682689 
4.054300 
1.063152 
4.916428 
0.661038 
0.339717 
0.362747 
1.139006 
6.177919 
3.989020 
2.838037 
1.469881 
2.080037 
2.656705 
1.213324 
2.487902 
2.281476 
1.762915 
2.193400 
0.957327 
0.854363 
1.153383 
1.395902 
1.624472 
1.348833 
4.182563 
1.716388 
1.506987 
5.676595 
5.530646 
1.397154 
1.595514 
0.543251 
0.566806 
1.830572 
0.202089 
2.754108 
3.131925 
1.913313 
2.930434 
1.885096 
2.180847 
2.395762 
3.507629 
3.628839 
0.413447 
1.365312 
0.419550 
0.897895 
2.077018 
1.213363 
2.821732 
1.712670 
0.934290 
1.968592 
4.233258 
1.688661 
1.243900 
0.393071 
0.184005 
0.531790 
0.665966 
1.491705 
6.526597 
1.852597 
1.624207 
1.807499 
1.132903 
1.570767 
0.392624 
0.410437 
1.017112 
1.819692 
2.138076 
1.344769 
0.718647 
1.639854 
1.684967 
0.786308 
3.213227 
0.677356 
4.921924 
2.202522 
1.431670 
0.343107 
0.746194 
5.311817 
1.807401 
3.079230 
2.458053 
1.533811 
2.285035 
0.565665 
1.880363 
0.324232 
3.803582 
0.672264 
2.512686 
1.738473 
5.083388 
0.088345 
4.021640 
2.451805 
0.314995 
0.544459 
3.848909 
0.848224 
0.762773 
0.371934 
3.248471 
0.714859 
0.408924 
3.398914 
1.471737 
1.994220 
0.686009 
2.051327 
4.106607 
0.292918 
0.795066 
0.266631 
1.653542 
0.630547 
0.717837 
0.798204 
3.142533 
1.968487 
1.676461 
0.078722 
0.580860 
0.213198 
0.259201 
1.460731 
0.563317 
1.724843 
1.584192 
1.491802 
2.794433 
2.087576 
1.571310 
1.007100 
0.643288 
0.722447 
1.358263 
2.007591 
1.040889 
0.465137 
1.070721 
4.099632 
0.726665 
0.760112 
1.611730 
1.263262 
3.252047 
1.652417 
2.012452 
1.829029 
0.791638 
2.942658 
0.621044 
1.413900 
1.624021 
0.232721 
2.821160 
2.168677 
2.520144 
1.619571 
0.149196 
1.397853 
1.435329 
0.386167 
1.097443 
0.950134 
0.848428 
0.929201 
1.807434 
1.947058 
0.640810 
0.210409 
1.529405 
0.360594 
1.404666 
0.694935 
0.682054 
0.396893 
1.921581 
0.848146 
0.495007 
1.636962 
3.857853 
0.776233 
0.464914 
4.640052 
0.168469 
1.256250 
2.643775 
1.283461 
1.232520 
1.341736 
2.743321 
1.539450 
2.824778 
1.401497 
3.195693 
0.580603 
1.394387 
3.260309 
2.522179 
0.724901 
1.590330 
3.376351 
0.943936 
2.185493 
1.345123 
0.084274 
0.764454 
2.141823 
0.496237 
1.693158 
0.676110 
0.510952 
1.461271 
0.986915 
3.221739 
1.611631 
0.919856 
2.016967 
0.554212 
5.735403 
2.667170 
1.622658 
2.513842 
1.286430 
3.968989 
3.863123 
3.407545 
2.061234 
1.492918 
0.382455 
3.737487 
0.961464 
2.767333 
0.649813 
0.838961 
0.204137 
1.327827 
0.369992 
3.306371 
5.094996 
1.647842 
0.788478 
1.669387 
0.315636 
1.816987 
2.320535 
1.175319 
0.413703 
4.007258 
2.477711 
0.449029 
0.512052 
1.791223 
0.561142 
1.064582 
1.161126 
0.690491 
1.472816 
0.339029 
0.248213 
1.473929 
1.006369 
0.951012 
0.525014 
1.265849 
3.351556 
2.561419 
2.254552 
0.453614 
0.418799 
0.620059 
2.839375 
2.852701 
1.560367 
2.042048 
1.795400 
1.312417 
4.436752 
0.436881 
1.543577 
1.495710 
0.411646 
1.237621 
3.239249 
1.146670 
0.564050 
1.849148 
2.159627 
3.445728 
2.105876 
5.482827 
0.922693 
3.201866 
2.784809 
2.646752 
2.353225 
3.278811 
1.334784 
1.850595 
4.454109 
0.297045 
3.906504 
1.368847 
3.177243 
0.415301 
6.858338 
0.735979 
2.796517 
3.337964 
2.103731 
5.531137 
0.900471 
3.095279 
0.572575 
0.829990 
5.085604 
0.731298 
2.145356 
2.097900 
5.818085 
4.156697 
0.732124 
1.660063 
0.138704 
1.681059 
1.924743 
3.127068 
0.603623 
1.481985 
0.850498 
3.262652 
0.127217 
2.609906 
2.325700 
2.363883 
0.218223 
1.710054 
1.771158 
0.375208 
3.614911 
1.492569 
1.178773 
5.233147 
5.934490 
3.243472 
2.852533 
3.742901 
6.085688 
7.008990 
0.303856 
2.547600 
0.310725 
2.295272 
1.056231 
4.053518 
2.362916 
1.561255 
5.123374 
3.002217 
2.792330 
3.399751 
2.091577 
2.921823 
2.322506 
1.394684 
5.777912 
1.179191 
0.567383 
2.415983 
0.372378 
6.036515 
1.585968 
2.354983 
2.505864 
2.330185 
3.933588 
7.788682 
0.879601 
2.299416 
3.276125 
2.381126 
3.271937 
2.664207 
0.938771 
0.293527 
1.909369 
3.109670 
0.374351 
0.548272 
3.674873 
0.384262 
4.754513 
1.568965 
0.998146 
0.655147 
0.845986 
0.317581 
1.494794 
1.083725 
4.402486 
0.400515 
0.170751 
2.922400 
0.763212 
2.588256 
6.034108 
0.767989 
4.821970 
1.541690 
1.534146 
1.128753 
3.405370 
1.149871 
1.982539 
4.255614 
0.291711 
0.218446 
3.120865 
2.355371 
0.621011 
3.363249 
0.853476 
4.687683 
2.881343 
3.867756 
7.374731 
2.035025 
0.329780 
3.882473 
3.119450 
7.727919 
4.990598 
1.595176 
7.282889 
2.835537 
2.260977 
4.419727 
2.757678 
3.985875 
0.948472 
1.731212 
3.760026 
4.150957 
0.775216 
0.811578 
1.718162 
3.615372 
6.998816 
3.690175 
1.034980 
1.729854 
0.760497 
1.978160 
3.739241 
4.431172 
0.652536 
5.720468 
1.279538 
0.753817 
1.895872 
2.735320 
2.914572 
1.277504 
4.605785 
1.440912 
2.033506 
3.365097 
4.968826 
0.812295 
2.845733 
1.672314 
1.278614 
0.737253 
2.854414 
0.611718 
2.458832 
0.277326 
3.833171 
2.215234 
1.521115 
2.888063 
0.228451 
7.059984 
2.972447 
3.274457 
7.892802 
1.837037 
2.134267 
3.626742 
8.180196 
2.920659 
4.027106 
0.996953 
1.637928 
6.199212 
2.959811 
2.283185 
0.469863 
4.492857 
8.656762 
3.436000 
2.454081 
1.338017 
3.593922 
1.871579 
0.375672 
3.761071 
0.781363 
1.633227 
2.430284 
2.087748 
5.263761 
2.099621 
1.060703 
2.802634 
4.180028 
3.062725 
8.086401 
0.219271 
6.111154 
3.253363 
0.190651 
0.416000 
1.869942 
4.671728 
0.296154 
1.436800 
6.871811 
1.560711 
0.275918 
4.716615 
7.426291 
1.298652 
0.924189 
1.549824 
3.524153 
2.225991 
4.252377 
4.752662 
0.674814 
4.254925 
2.244061 
1.883526 
3.637301 
4.017757 
6.085490 
0.709516 
2.576125 
0.748499 
2.151909 
0.966007 
0.394999 
6.692616 
3.032749 
3.265316 
3.069065 
6.155366 
0.487608 
4.917477 
7.496364 
0.457351 
3.441724 
0.483339 
3.345033 
0.474722 
0.399003 
0.925985 
1.333099 
3.123790 
3.985356 
0.685478 
0.917085 
0.253596 
2.220902 
1.412862 
1.171033 
0.689334 
3.930865 
1.284839 
5.796339 
1.330280 
2.909842 
2.859295 
1.565403 
8.626001 
0.954785 
3.917312 
2.012940 
2.045140 
3.625599 
2.382632 
4.413529 
3.701303 
0.321620 
0.320002 
2.538997 
8.616902 
6.564017 
0.802933 
4.389445 
2.339642 
2.259303 
4.437549 
1.274775 
2.351346 
0.568678 
1.661671 
5.884025 
3.389635 
1.149895 
2.785577 
0.509737 
6.298662 
1.710302 
1.302572 
5.249263 
2.482372 
1.075762 
1.516486 
4.130808 
3.083945 
2.006048 
2.276190 
3.189939 
0.999717 
1.830861 
6.772025 
2.715758 
0.259278 
0.639748 
2.327952 
2.167689 
1.292441 
0.775442 
7.652902 
0.104826 
1.242645 
2.762635 
2.334244 
4.063040 
1.667456 
1.627714 
1.670609 
1.622984 
1.047042 
0.536272 
5.740135 
3.830102 
2.793163 
2.685288 
4.168548 
3.086052 
4.938988 
0.784262 
2.948353 
4.075371 
2.692782 
4.820561 
6.884372 
0.879008 
4.182713 
4.753452 
1.657508 
10.051751 
0.515524 
1.051598 
0.217881 
1.003199 
1.283351 
3.722172 
2.009561 
0.240231 
1.501491 
0.161283 
3.423566 
3.778354 
3.563612 
1.464548 
5.007532 
0.293147 
1.893858 
0.627522 
3.147678 
4.550287 
2.316691 
1.660742 
6.649506 
4.677799 
5.885828 
0.669552 
0.152167 
5.960981 
4.209109 
1.808875 
4.330534 
4.266111 
0.941446 
6.431814 
4.121828 
4.402220 
1.274620 
6.005157 
3.273971 
10.349249 
7.737728 
1.073507 
4.275088 
1.582029 
8.009478 
3.330978 
4.554171 
2.536705 
0.231998 
5.895163 
6.163878 
3.379827 
3.455549 
4.671357 
6.040679 
2.797634 
0.560344 
7.443762 
5.587539 
1.069526 
3.382889 
15.980620 
0.621817 
1.243883 
1.774432 
1.192214 
3.639346 
3.310378 
1.592302 
4.043432 
5.241765 
0.709690 
3.635117 
2.401783 
7.947475 
1.113554 
5.198671 
2.101432 
1.093006 
8.660212 
6.198563 
4.259483 
5.483584 
2.659924 
5.565577 
3.805994 
1.120245 
4.430454 
5.121346 
2.954987 
6.070705 
0.898538 
2.702979 
4.340039 
4.036021 
4.825429 
5.150191 
7.314968 
0.503384 
7.579070 
0.489372 
0.835675 
6.958138 
6.444513 
5.897768 
1.656277 
6.162667 
2.117342 
2.150909 
3.120710 
0.607205 
5.264245 
1.341510 
3.474164 
0.966488 
5.711303 
6.921230 
0.245953 
4.953004 
3.365936 
2.525115 
3.452083 
6.965405 
3.553551 
0.160754 
0.159734 
0.684320 
1.977538 
6.068457 
3.380610 
3.810802 
8.964396 
5.877694 
2.105803 
1.631298 
0.777289 
0.524961 
2.710343 
2.768715 
0.918334 
0.521514 
0.128498 
7.236657 
0.755961 
1.252858 
3.469440 
0.964008 
0.464460 
1.453154 
3.923923 
1.281641 
3.910639 
2.561209 
0.146411 
5.689898 
3.426362 
0.756819 
0.293131 
10.604394 
4.271932 
3.083799 
1.044061 
0.855745 
7.258865 
1.774768 
2.543893 
5.111761 
10.350840 
2.274027 
12.633430 
0.835613 
2.165449 
0.561213 
0.522470 
6.227514 
0.828911 
5.749768 
9.507565 
13.990667 
7.550719 
6.214938 
3.986553 
1.488388 
2.006441 
7.728858 
0.238829 
0.661903 
0.946567 
1.719915 
0.669220 
0.719923 
2.500970 
4.205458 
3.281332 
10.495735 
0.097172 
1.753014 
4.362092 
0.978793 
0.060058 
6.625320 
8.957198 
0.763583 
4.727235 
0.367729 
2.103654 
1.303677 
2.940666 
12.849924 
5.363686 
9.095248 
1.224965 
8.618741 
4.943244 
2.132594 
2.651864 
1.020277 
5.855659 
16.520748 
2.520382 
10.077869 
2.524001 
1.221444 
2.728037 
5.538556 
0.278194 
6.582270 
2.092947 
7.390745 
6.870845 
2.512341 
4.582014 
3.005682 
3.791190 
8.263169 
11.248164 
10.940667 
1.015306 
1.053453 
4.978107 
3.922948 
8.003810 
0.801077 
5.735759 
12.547532 
7.950044 
2.278382 
2.329668 
0.056076 
2.501662 
3.152787 
3.131034 
3.545010 
6.280966 
3.573267 
3.837867 
9.324736 
1.841430 
4.844117 
3.755141 
3.214580 
5.680545 
2.501756 
3.722231 
8.614486 
8.520171 
5.863549 
3.918051 
1.617094 
3.787346 
1.387176 
3.301896 
1.315997 
2.049872 
2.900799 
9.074946 
7.068616 
0.090588 
3.963519 
7.223882 
9.873486 
3.985189 
4.160822 
2.697099 
8.403541 
0.305908 
7.115679 
4.917310 
5.055019 
1.902598 
5.843426 
6.006818 
6.504061 
1.042782 
5.088078 
3.749254 
4.860156 
5.720579 
7.184177 
5.762966 
7.912902 
1.096174 
3.247708 
7.122811 
0.743545 
3.119393 
2.095569 
3.315344 
8.440438 
3.486603 
4.945494 
0.527026 
2.191720 
12.555636 
0.631930 
6.017066 
1.526078 
2.794897 
8.140305 
1.836902 
9.530510 
5.789434 
1.318618 
0.928241 
0.912265 
3.190628 
2.050549 
4.054446 
3.400147 
1.609962 
4.241963 
6.937228 
6.723811 
8.040429 
9.006012 
3.284251 
4.403280 
6.365050 
1.088446 
5.601313 
6.809084 
6.696432 
1.050076 
6.561217 
6.196044 
1.618162 
4.635893 
4.642219 
16.071388 
8.131586 
1.662677 
0.058142 
0.185184 
5.492831 
5.311678 
7.702361 
5.556604 
12.606524 
12.695646 
2.678267 
1.373838 
8.116678 
7.620471 
0.362783 
4.808274 
6.079040 
13.094331 
16.016075 
1.881683 
24.384239 
3.023338 
5.573491 
12.848605 
6.943102 
2.994942 
8.982800 
11.956889 
1.091584 
5.588710 
14.870511 
8.497257 
16.083626 
6.425382 
3.951442 
1.556467 
1.629426 
7.531493 
9.218458 
12.951233 
11.881618 
14.114732 
11.242154 
17.459135 
13.561184 
1.635233 
5.232818 
4.893833 
13.293722 
8.601252 
4.490518 
10.557213 
14.135702 
18.846489 
12.612575 
2.159206 
2.793488 
8.996843 
15.483514 
16.314085 
10.968549 
6.442729 
10.835335 
19.792875 
11.233646 
20.893137 
3.556255 
7.135017 
9.991961 
24.896641 
15.070024 
13.570960 
20.637297 
2.768888 
12.338682 
9.341846 
21.650633 
0.270230 
1.989641 
17.230785 
23.144161 
19.727884 
5.758864 
58.260715 
44.308254 
63.191685 
1.680239 
31.630663 
39.107155 
15.038369 
57.770195 
127.656418 
60.858925 
53.645992 
31.212370 
323.675903 
3133.458984 
323.675903 
31.212370 
53.645992 
60.858925 
127.656418 
57.770195 
15.038369 
39.107155 
31.630663 
1.680239 
63.191685 
44.308254 
58.260715 
5.758864 
19.727884 
23.144161 
17.230785 
1.989641 
0.270230 
21.650633 
9.341846 
12.338682 
2.768888 
20.637297 
13.570960 
15.070024 
24.896641 
9.991961 
7.135017 
3.556255 
20.893137 
11.233646 
19.792875 
10.835335 
6.442729 
10.968549 
16.314085 
15.483514 
8.996843 
2.793488 
2.159206 
12.612575 
18.846489 
14.135702 
10.557213 
4.490518 
8.601252 
13.293722 
4.893833 
5.232818 
1.635233 
13.561184 
17.459135 
11.242154 
14.114732 
11.881618 
12.951233 
9.218458 
7.531493 
1.629426 
1.556467 
3.951442 
6.425382 
16.083626 
8.497257 
14.870511 
5.588710 
1.091584 
11.956889 
8.982800 
2.994942 
6.943102 
12.848605 
5.573491 
3.023338 
24.384239 
1.881683 
16.016075 
13.094331 
6.079040 
4.808274 
0.362783 
7.620471 
8.116678 
1.373838 
2.678267 
12.695646 
12.606524 
5.556604 
7.702361 
5.311678 
5.492831 
0.185184 
0.058142 
1.662677 
8.131586 
16.071388 
4.642219 
4.635893 
1.618162 
6.196044 
6.561217 
1.050076 
6.696432 
6.809084 
5.601313 
1.088446 
6.365050 
4.403280 
3.284251 
9.006012 
8.040429 
6.723811 
6.937228 
4.241963 
1.609962 
3.400147 
4.054446 
2.050549 
3.190628 
0.912265 
0.928241 
1.318618 
5.789434 
9.530510 
1.836902 
8.140305 
2.794897 
1.526078 
6.017066 
0.631930 
12.555636 
2.191720 
0.527026 
4.945494 
3.486603 
8.440438 
3.315344 
2.095569 
3.119393 
0.743545 
7.122811 
3.247708 
1.096174 
7.912902 
5.762966 
7.184177 
5.720579 
4.860156 
3.749254 
5.088078 
1.042782 
6.504061 
6.006818 
5.843426 
1.902598 
5.055019 
4.917310 
7.115679 
0.305908 
8.403541 
2.697099 
4.160822 
3.985189 
9.873486 
7.223882 
3.963519 
0.090588 
7.068616 
9.074946 
2.900799 
2.049872 
1.315997 
3.301896 
1.387176 
3.787346 
1.617094 
3.918051 
5.863549 
8.520171 
8.614486 
3.722231 
2.501756 
5.680545 
3.214580 
3.755141 
4.844117 
1.841430 
9.324736 
3.837867 
3.573267 
6.280966 
3.545010 
3.131034 
3.152787 
2.501662 
0.056076 
2.329668 
2.278382 
7.950044 
12.547532 
5.735759 
0.801077 
8.003810 
3.922948 
4.978107 
1.053453 
1.015306 
10.940667 
11.248164 
8.263169 
3.791190 
3.005682 
4.582014 
2.512341 
6.870845 
7.390745 
2.092947 
6.582270 
0.278194 
5.538556 
2.728037 
1.221444 
2.524001 
10.077869 
2.520382 
16.520748 
5.855659 
1.020277 
2.651864 
2.132594 
4.943244 
8.618741 
1.224965 
9.095248 
5.363686 
12.849924 
2.940666 
1.303677 
2.103654 
0.367729 
4.727235 
0.763583 
8.957198 
6.625320 
0.060058 
0.978793 
4.362092 
1.753014 
0.097172 
10.495735 
3.281332 
4.205458 
2.500970 
0.719923 
0.669220 
1.719915 
0.946567 
0.661903 
0.238829 
7.728858 
2.006441 
1.488388 
3.986553 
6.214938 
7.550719 
13.990667 
9.507565 
5.749768 
0.828911 
6.227514 
0.522470 
0.561213 
2.165449 
0.835613 
12.633430 
2.274027 
10.350840 
5.111761 
2.543893 
1.774768 
7.258865 
0.855745 
1.044061 
3.083799 
4.271932 
10.604394 
0.293131 
0.756819 
3.426362 
5.689898 
0.146411 
2.561209 
3.910639 
1.281641 
3.923923 
1.453154 
0.464460 
0.964008 
3.469440 
1.252858 
0.755961 
7.236657 
0.128498 
0.521514 
0.918334 
2.768715 
2.710343 
0.524961 
0.777289 
1.631298 
2.105803 
5.877694 
8.964396 
3.810802 
3.380610 
6.068457 
1.977538 
0.684320 
0.159734 
0.160754 
3.553551 
6.965405 
3.452083 
2.525115 
3.365936 
4.953004 
0.245953 
6.921230 
5.711303 
0.966488 
3.474164 
1.341510 
5.264245 
0.607205 
3.120710 
2.150909 
2.117342 
6.162667 
1.656277 
5.897768 
6.444513 
6.958138 
0.835675 
0.489372 
7.579070 
0.503384 
7.314968 
5.150191 
4.825429 
4.036021 
4.340039 
2.702979 
0.898538 
6.070705 
2.954987 
5.121346 
4.430454 
1.120245 
3.805994 
5.565577 
2.659924 
5.483584 
4.259483 
6.198563 
8.660212 
1.093006 
2.101432 
5.198671 
1.113554 
7.947475 
2.401783 
3.635117 
0.709690 
5.241765 
4.043432 
1.592302 
3.310378 
3.639346 
1.192214 
1.774432 
1.243883 
0.621817 
15.980620 
3.382889 
1.069526 
5.587539 
7.443762 
0.560344 
2.797634 
6.040679 
4.671357 
3.455549 
3.379827 
6.163878 
5.895163 
0.231998 
2.536705 
4.554171 
3.330978 
8.009478 
1.582029 
4.275088 
1.073507 
7.737728 
10.349249 
3.273971 
6.005157 
1.274620 
4.402220 
4.121828 
6.431814 
0.941446 
4.266111 
4.330534 
1.808875 
4.209109 
5.960981 
0.152167 
0.669552 
5.885828 
4.677799 
6.649506 
1.660742 
2.316691 
4.550287 
3.147678 
0.627522 
1.893858 
0.293147 
5.007532 
1.464548 
3.563612 
3.778354 
3.423566 
0.161283 
1.501491 
0.240231 
2.009561 
3.722172 
1.283351 
1.003199 
0.217881 
1.051598 
0.515524 
10.051751 
1.657508 
4.753452 
4.182713 
0.879008 
6.884372 
4.820561 
2.692782 
4.075371 
2.948353 
0.784262 
4.938988 
3.086052 
4.168548 
2.685288 
2.793163 
3.830102 
5.740135 
0.536272 
1.047042 
1.622984 
1.670609 
1.627714 
1.667456 
4.063040 
2.334244 
2.762635 
1.242645 
0.104826 
7.652902 
0.775442 
1.292441 
2.167689 
2.327952 
0.639748 
0.259278 
2.715758 
6.772025 
1.830861 
0.999717 
3.189939 
2.276190 
2.006048 
3.083945 
4.130808 
1.516486 
1.075762 
2.482372 
5.249263 
1.302572 
1.710302 
6.298662 
0.509737 
2.785577 
1.149895 
3.389635 
5.884025 
1.661671 
0.568678 
2.351346 
1.274775 
4.437549 
2.259303 
2.339642 
4.389445 
0.802933 
6.564017 
8.616902 
2.538997 
0.320002 
0.321620 
3.701303 
4.413529 
2.382632 
3.625599 
2.045140 
2.012940 
3.917312 
0.954785 
8.626001 
1.565403 
2.859295 
2.909842 
1.330280 
5.796339 
1.284839 
3.930865 
0.689334 
1.171033 
1.412862 
2.220902 
0.253596 
0.917085 
0.685478 
3.985356 
3.123790 
1.333099 
0.925985 
0.399003 
0.474722 
3.345033 
0.483339 
3.441724 
0.457351 
7.496364 
4.917477 
0.487608 
6.155366 
3.069065 
3.265316 
3.032749 
6.692616 
0.394999 
0.966007 
2.151909 
0.748499 
2.576125 
0.709516 
6.085490 
4.017757 
3.637301 
1.883526 
2.244061 
4.254925 
0.674814 
4.752662 
4.252377 
2.225991 
3.524153 
1.549824 
0.924189 
1.298652 
7.426291 
4.716615 
0.275918 
1.560711 
6.871811 
1.436800 
0.296154 
4.671728 
1.869942 
0.416000 
0.190651 
3.253363 
6.111154 
0.219271 
8.086401 
3.062725 
4.180028 
2.802634 
1.060703 
2.099621 
5.263761 
2.087748 
2.430284 
1.633227 
0.781363 
3.761071 
0.375672 
1.871579 
3.593922 
1.338017 
2.454081 
3.436000 
8.656762 
4.492857 
0.469863 
2.283185 
2.959811 
6.199212 
1.637928 
0.996953 
4.027106 
2.920659 
8.180196 
3.626742 
2.134267 
1.837037 
7.892802 
3.274457 
2.972447 
7.059984 
0.228451 
2.888063 
1.521115 
2.215234 
3.833171 
0.277326 
2.458832 
0.611718 
2.854414 
0.737253 
1.278614 
1.672314 
2.845733 
0.812295 
4.968826 
3.365097 
2.033506 
1.440912 
4.605785 
1.277504 
2.914572 
2.735320 
1.895872 
0.753817 
1.279538 
5.720468 
0.652536 
4.431172 
3.739241 
1.978160 
0.760497 
1.729854 
1.034980 
3.690175 
6.998816 
3.615372 
1.718162 
0.811578 
0.775216 
4.150957 
3.760026 
1.731212 
0.948472 
3.985875 
2.757678 
4.419727 
2.260977 
2.835537 
7.282889 
1.595176 
4.990598 
7.727919 
3.119450 
3.882473 
0.329780 
2.035025 
7.374731 
3.867756 
2.881343 
4.687683 
0.853476 
3.363249 
0.621011 
2.355371 
3.120865 
0.218446 
0.291711 
4.255614 
1.982539 
1.149871 
3.405370 
1.128753 
1.534146 
1.541690 
4.821970 
0.767989 
6.034108 
2.588256 
0.763212 
2.922400 
0.170751 
0.400515 
4.402486 
1.083725 
1.494794 
0.317581 
0.845986 
0.655147 
0.998146 
1.568965 
4.754513 
0.384262 
3.674873 
0.548272 
0.374351 
3.109670 
1.909369 
0.293527 
0.938771 
2.664207 
3.271937 
2.381126 
3.276125 
2.299416 
0.879601 
7.788682 
3.933588 
2.330185 
2.505864 
2.354983 
1.585968 
6.036515 
0.372378 
2.415983 
0.567383 
1.179191 
5.777912 
1.394684 
2.322506 
2.921823 
2.091577 
3.399751 
2.792330 
3.002217 
5.123374 
1.561255 
2.362916 
4.053518 
1.056231 
2.295272 
0.310725 
2.547600 
0.303856 
7.008990 
6.085688 
3.742901 
2.852533 
3.243472 
5.934490 
5.233147 
1.178773 
1.492569 
3.614911 
0.375208 
1.771158 
1.710054 
0.218223 
2.363883 
2.325700 
2.609906 
0.127217 
3.262652 
0.850498 
1.481985 
0.603623 
3.127068 
1.924743 
1.681059 
0.138704 
1.660063 
0.732124 
4.156697 
5.818085 
2.097900 
2.145356 
0.731298 
5.085604 
0.829990 
0.572575 
3.095279 
0.900471 
5.531137 
2.103731 
3.337964 
2.796517 
0.735979 
6.858338 
0.415301 
3.177243 
1.368847 
3.906504 
0.297045 
4.454109 
1.850595 
1.334784 
3.278811 
2.353225 
2.646752 
2.784809 
3.201866 
0.922693 
5.482827 
2.105876 
3.445728 
2.159627 
1.849148 
0.564050 
1.146670 
3.239249 
1.237621 
0.411646 
1.495710 
1.543577 
0.436881 
4.436752 
1.312417 
1.795400 
2.042048 
1.560367 
2.852701 
2.839375 
0.620059 
0.418799 
0.453614 
2.254552 
2.561419 
3.351556 
1.265849 
0.525014 
0.951012 
1.006369 
1.473929 
0.248213 
0.339029 
1.472816 
0.690491 
1.161126 
1.064582 
0.561142 
1.791223 
0.512052 
0.449029 
2.477711 
4.007258 
0.413703 
1.175319 
2.320535 
1.816987 
0.315636 
1.669387 
0.788478 
1.647842 
5.094996 
3.306371 
0.369992 
1.327827 
0.204137 
0.838961 
0.649813 
2.767333 
0.961464 
3.737487 
0.382455 
1.492918 
2.061234 
3.407545 
3.863123 
3.968989 
1.286430 
2.513842 
1.622658 
2.667170 
5.735403 
0.554212 
2.016967 
0.919856 
1.611631 
3.221739 
0.986915 
1.461271 
0.510952 
0.676110 
1.693158 
0.496237 
2.141823 
0.764454 
0.084274 
1.345123 
2.185493 
0.943936 
3.376351 
1.590330 
0.724901 
2.522179 
3.260309 
1.394387 
0.580603 
3.195693 
1.401497 
2.824778 
1.539450 
2.743321 
1.341736 
1.232520 
1.283461 
2.643775 
1.256250 
0.168469 
4.640052 
0.464914 
0.776233 
3.857853 
1.636962 
0.495007 
0.848146 
1.921581 
0.396893 
0.682054 
0.694935 
1.404666 
0.360594 
1.529405 
0.210409 
0.640810 
1.947058 
1.807434 
0.929201 
0.848428 
0.950134 
1.097443 
0.386167 
1.435329 
1.397853 
0.149196 
1.619571 
2.520144 
2.168677 
2.821160 
0.232721 
1.624021 
1.413900 
0.621044 
2.942658 
0.791638 
1.829029 
2.012452 
1.652417 
3.252047 
1.263262 
1.611730 
0.760112 
0.726665 
4.099632 
1.070721 
0.465137 
1.040889 
2.007591 
1.358263 
0.722447 
0.643288 
1.007100 
1.571310 
2.087576 
2.794433 
1.491802 
1.584192 
1.724843 
0.563317 
1.460731 
0.259201 
0.213198 
0.580860 
0.078722 
1.676461 
1.968487 
3.142533 
0.798204 
0.717837 
0.630547 
1.653542 
0.266631 
0.795066 
0.292918 
4.106607 
2.051327 
0.686009 
1.994220 
1.471737 
3.398914 
0.408924 
0.714859 
3.248471 
0.371934 
0.762773 
0.848224 
3.848909 
0.544459 
0.314995 
2.451805 
4.021640 
0.088345 
5.083388 
1.738473 
2.512686 
0.672264 
3.803582 
0.324232 
1.880363 
0.565665 
2.285035 
1.533811 
2.458053 
3.079230 
1.807401 
5.311817 
0.746194 
0.343107 
1.431670 
2.202522 
4.921924 
0.677356 
3.213227 
0.786308 
1.684967 
1.639854 
0.718647 
1.344769 
2.138076 
1.819692 
1.017112 
0.410437 
0.392624 
1.570767 
1.132903 
1.807499 
1.624207 
1.852597 
6.526597 
1.491705 
0.665966 
0.531790 
0.184005 
0.393071 
1.243900 
1.688661 
4.233258 
1.968592 
0.934290 
1.712670 
2.821732 
1.213363 
2.077018 
0.897895 
0.419550 
1.365312 
0.413447 
3.628839 
3.507629 
2.395762 
2.180847 
1.885096 
2.930434 
1.913313 
3.131925 
2.754108 
0.202089 
1.830572 
0.566806 
0.543251 
1.595514 
1.397154 
5.530646 
5.676595 
1.506987 
1.716388 
4.182563 
1.348833 
1.624472 
1.395902 
1.153383 
0.854363 
0.957327 
2.193400 
1.762915 
2.281476 
2.487902 
1.213324 
2.656705 
2.080037 
1.469881 
2.838037 
3.989020 
6.177919 
1.139006 
0.362747 
0.339717 
0.661038 
4.916428 
1.063152 
4.054300 
0.682689 
1.370281 
0.880037 
3.400405 
0.518203 
0.872821 
3.954190 
0.254128 
0.428257 
2.690079 
1.975765 
0.680149 
1.191438 
1.591168 
0.955857 
4.720551 
2.245471 
1.084827 
1.108336 
1.457437 
1.724362 
2.074698 
1.451489 
1.335828 
1.908096 
1.623061 
1.949864 
2.161414 
2.777151 
3.135327 
0.709262 
0.670717 
1.275246 
3.078469 
5.127322 
2.814766 
2.244516 
2.255286 
5.103196 
4.217627 
6.740319 
2.052073 
2.010291 
2.417516 
4.070137 
4.610613 
1.404893 
1.334116 
1.258075 
1.336031 
0.662049 
1.078958 
0.270392 
0.832668 
1.688627 
0.802839 
1.146381 
1.397535 
0.847211 
1.242651 
0.284920 
2.179574 
4.007970 
0.647047 
0.936687 
2.412521 
3.869343 
3.026629 
1.570662 
3.685031 
0.297099 
3.250311 
1.904182 
1.458880 
2.123667 
2.728793 
3.499547 
1.620577 
5.678772 
3.976242 
7.379118 
3.741890 
5.255737 
6.975235 
5.214284 
4.380042 
4.631897 
0.299244 
5.692970 
0.718819 
1.957632 
1.761268 
0.493289 
1.830864 
3.953806 
2.670593 
0.158518 
5.294761 
3.288659 
2.532562 
0.781701 
5.896981 
1.086700 
1.921288 
3.225902 
4.592492 
0.485780 
1.551929 
1.548946 
1.247607 
4.038855 
0.427518 
2.908241 
0.950781 
2.489684 
1.698089 
1.805490 
1.283899 
0.953489 
0.557086 
0.962771 
0.769930 
1.422307 
1.931908 
2.031718 
0.632582 
3.844093 
3.057790 
1.718431 
2.589469 
1.115239 
0.899207 
0.944838 
5.007829 
1.750557 
2.513941 
1.086183 
4.727792 
2.987775 
1.564542 
4.455321 
1.453208 
1.591726 
2.024304 
2.522973 
4.871757 
0.502179 
0.202511 
5.279670 
2.150018 
2.474915 
5.896892 
2.757911 
0.688034 
6.378123 
5.824409 
0.666883 
5.104036 
5.501643 
0.953776 
3.227208 
2.912999 
0.713204 
1.922500 
1.969804 
4.784506 
5.199861 
2.773040 
2.354986 
11.325847 
3.428122 
12.691394 
4.902515 
5.276201 
7.135057 
8.172434 
10.325627 
9.713724 
3.844510 
2.941797 
2.907691 
7.189922 
4.545608 
10.491708 
3.074276 
9.123665 
4.982550 
9.208838 
2.912742 
4.910437 
0.651891 
1.724344 
8.290119 
4.270292 
2.699783 
6.677404 
10.883446 
10.062713 
1.754943 
5.336835 
1.397678 
6.153195 
9.407379 
2.931798 
12.178199 
5.821270 
3.496236 
3.960270 
2.423965 
1.782487 
9.569101 
12.273184 
6.405111 
4.678378 
6.099291 
4.322879 
8.390114 
4.982675 
7.966705 
6.955574 
3.741622 
4.397089 
3.001590 
5.175722 
1.658895 
11.219577 
1.987683 
7.496185 
6.540833 
5.911939 
3.809785 
3.188774 
5.457403 
8.880360 
12.030943 
4.858112 
2.194011 
4.850906 
5.844754 
5.889483 
5.295154 
1.861724 
3.124043 
4.980477 
3.764647 
4.466254 
1.671443 
1.692672 
2.565655 
1.310357 
1.523475 
2.767890 
1.849420 
1.327247 
1.595124 
0.648304 
3.103077 
5.521205 
4.065496 
1.442496 
2.491320 
1.729605 
1.360181 
2.988076 
0.989559 
6.340549 
3.913995 
4.615934 
8.955532 
8.541377 
1.834187 
9.412460 
4.353502 
5.453292 
4.606911 
4.827116 
0.597452 
2.259993 
4.633490 
3.829369 
1.524040 
4.972110 
3.915913 
3.590895 
2.425513 
5.589215 
6.138855 
4.661651 
7.605925 
4.748078 
2.385197 
2.258070 
5.270792 
5.088840 
5.955444 
3.223044 
4.981831 
4.849675 
4.634003 
2.011378 
4.689303 
6.062128 
1.045429 
5.209221 
3.856205 
0.971348 
7.800811 
4.638881 
9.927408 
4.428727 
3.522471 
16.986805 
10.835957 
6.593755 
14.213701 
3.414388 
5.957958 
7.676811 
5.687289 
7.835747 
11.341722 
7.285256 
4.736561 
6.739816 
5.061871 
6.831316 
4.179629 
2.000056 
4.593564 
3.346845 
8.721610 
2.900774 
5.758462 
2.160292 
7.173102 
1.513147 
2.776427 
1.457116 
8.432285 
3.304636 
1.349377 
1.378824 
3.557923 
0.942718 
6.598616 
9.543873 
1.463401 
3.945328 
7.740723 
1.651170 
10.178239 
5.275998 
1.207710 
5.518202 
2.235655 
3.206592 
5.282553 
2.464190 
2.726063 
4.423741 
0.713170 
2.263567 
1.950470 
1.467545 
2.888892 
4.253713 
4.568865 
2.496750 
6.290531 
1.393131 
6.400496 
4.979189 
3.205409 
3.067473 
1.572394 
4.030397 
1.730758 
0.565849 
2.902963 
2.384470 
0.530019 
2.434169 
0.992108 
0.497572 
0.878521 
2.147251 
0.690238 
1.293319 
0.860668 
1.554697 
1.158330 
2.002147 
0.164695 
0.806941 
0.565907 
1.645783 
2.495852 
1.519391 
0.721462 
0.534213 
2.078200 
3.453767 
1.803317 
0.511157 
1.254449 
2.470560 
4.696178 
2.331275 
4.041851 
6.647421 
5.430859 
0.624695 
5.314621 
1.892311 
1.640396 
3.319713 
5.904359 
7.171608 
1.464393 
3.908479 
6.075232 
1.506277 
3.833650 
7.285311 
8.216317 
1.733770 
5.155438 
8.624554 
9.771117 
11.306501 
9.704453 
3.527318 
3.328037 
2.536853 
1.148128 
2.843066 
3.411901 
1.926067 
2.725647 
0.982958 
0.642870 
3.931718 
1.151049 
2.779440 
3.715323 
3.402583 
1.684170 
0.872752 
2.456959 
4.176785 
0.678101 
2.646231 
1.516571 
0.875170 
2.553402 
1.338078 
2.215315 
2.060298 
1.525851 
1.066970 
1.793058 
0.984543 
0.929932 
3.042229 
2.922343 
2.847738 
1.798171 
1.466540 
2.010767 
3.484319 
0.074724 
4.043298 
2.418605 
2.354764 
2.412592 
2.748032 
2.127803 
2.420761 
3.596234 
1.954788 
2.485755 
3.885538 
3.146787 
0.440441 
1.608237 
1.774800 
2.009167 
2.391913 
1.753910 
3.155557 
2.689392 
0.461272 
1.732249 
1.642377 
3.591880 
2.142178 
2.157711 
0.408179 
0.707034 
1.666768 
2.641719 
1.220769 
2.926259 
1.824940 
1.922720 
2.030694 
1.433411 
0.600248 
3.675710 
0.533727 
1.550446 
0.931471 
1.366893 
1.547156 
0.809465 
0.962612 
0.213826 
1.073124 
0.719428 
0.467266 
1.553313 
0.433074 
0.945255 
1.214396 
2.383829 
1.964813 
1.309538 
1.544284 
2.964279 
1.924981 
2.526609 
3.568371 
1.579042 
2.499455 
1.712732 
5.246474 
2.864049 
2.079008 
3.824286 
3.424905 
4.528273 
5.043350 
4.748538 
4.004711 
1.286924 
2.202236 
1.868212 
1.415883 
2.918679 
1.261962 
0.491260 
0.696384 
2.764150 
0.224796 
2.395854 
4.512165 
3.341178 
0.698233 
4.704525 
6.954120 
7.941104 
6.816276 
0.430082 
3.418552 
5.425368 
5.292194 
2.968204 
3.885971 
4.241523 
6.791632 
3.534366 
1.175326 
4.506151 
5.153628 
2.049000 
8.766275 
3.918894 
1.651034 
2.849005 
1.843371 
6.220460 
1.365860 
2.560998 
3.707102 
3.849477 
2.834632 
3.455274 
2.320376 
1.062855 
1.731270 
2.704356 
2.741074 
4.448463 
8.461226 
1.613547 
4.141920 
2.254236 
3.697580 
7.034355 
2.926075 
6.974647 
1.857930 
5.209171 
3.653056 
0.576475 
0.397921 
4.506213 
2.970537 
3.532458 
2.746568 
5.080830 
4.251179 
2.819770 
2.323514 
4.012896 
3.662860 
1.704589 
1.099172 
4.736743 
2.548278 
2.127894 
2.658075 
3.318123 
1.778228 
1.955971 
1.794561 
4.077904 
0.475528 
1.263170 
1.152273 
4.744885 
1.482478 
3.050854 
1.160375 
4.255558 
1.783245 
0.240233 
5.238049 
1.353407 
3.640163 
5.239119 
4.933157 
1.985496 
4.008019 
1.486664 
2.746705 
1.761446 
0.234670 
0.961545 
1.698221 
0.363813 
1.179681 
2.844005 
1.499415 
1.093833 
1.732563 
1.079845 
2.004768 
1.015354 
0.841544 
0.315144 
2.172863 
0.471227 
0.962807 
0.737499 
0.932285 
1.251693 
2.263474 
1.051722 
1.496292 
1.075525 
0.352199 
1.230630 
1.794343 
2.141531 
1.061659 
0.224785 
1.395421 
3.251153 
3.992933 
2.032427 
2.726996 
2.667188 
2.214613 
1.433571 
2.506966 
2.975564 
0.555210 
2.074157 
5.682793 
7.234630 
3.332458 
2.554841 
3.207004 
3.455125 
6.234196 
8.360287 
7.387416 
3.403641 
6.390453 
7.195323 
9.818316 
8.667182 
2.760156 
0.997511 
4.475729 
4.480357 
0.987914 
5.127390 
4.430896 
9.155936 
3.648831 
4.139672 
6.566998 
6.674318 
6.669227 
6.493878 
10.190537 
6.342487 
2.094754 
4.184186 
5.240253 
3.385711 
1.825331 
2.459870 
1.917670 
5.431663 
6.140955 
0.731516 
2.881230 
1.358740 
3.521469 
3.388037 
2.723685 
3.351795 
2.282851 
5.690744 
4.404927 
2.431621 
1.706916 
3.939510 
3.067456 
4.195092 
2.879393 
6.938634 
1.885513 
4.083422 
1.017174 
2.404202 
4.502576 
0.935607 
3.289953 
3.218148 
1.657700 
0.648795 
3.610500 
2.324039 
1.973158 
2.887605 
1.417414 
2.737857 
2.077803 
1.310441 
1.972466 
1.696626 
2.534802 
1.679981 
3.549590 
1.769698 
1.486228 
2.636795 
2.452893 
1.541221 
1.371510 
1.389567 
1.929331 
1.371218 
0.494218 
1.644670 
1.113221 
0.322915 
1.510955 
0.413476 
0.441249 
1.206153 
0.637586 
0.706969 
0.610288 
0.822786 
0.526484 
1.158393 
0.892370 
1.150646 
0.109899 
0.572359 
0.643180 
0.751789 
1.396475 
1.445993 
0.380105 
0.757800 
0.189015 
0.525112 
0.392617 
1.068546 
0.590954 
0.420487 
0.644434 
1.560746 
1.493935 
0.821686 
0.457033 
0.289069 
1.353618 
1.594158 
0.584720 
0.483304 
0.594939 
0.224790 
0.556818 
0.092887 
0.179544 
0.500238 
0.415139 
1.278618 
1.407780 
1.298190 
1.489631 
1.256443 
0.976729 
1.789657 
3.568125 
4.349205 
2.091163 
0.476202 
1.372666 
1.566280 
0.593169 
0.435146 
0.217984 
0.797293 
1.866164 
0.968993 
1.731713 
0.449683 
0.947411 
0.842262 
2.328477 
2.970956 
1.434938 
1.630256 
1.471853 
5.165304 
1.669216 
2.124758 
0.980598 
2.652307 
0.988992 
1.731143 
0.332597 
0.201760 
2.288023 
1.974336 
0.238860 
0.463459 
2.286375 
1.018622 
0.323720 
1.966117 
1.909595 
1.887596 
0.986197 
1.958713 
0.761686 
1.150867 
1.272971 
1.147109 
1.147484 
0.983692 
2.805735 
2.420317 
0.477367 
0.475410 
0.176065 
2.146606 
2.418783 
1.277674 
0.924189 
1.998791 
0.874811 
0.700005 
1.390186 
1.080725 
0.343435 
0.899835 
0.822093 
0.679604 
0.965631 
1.398109 
0.952680 
0.404914 
0.600719 
0.717514 
1.009791 
0.095903 
0.225852 
0.334373 
0.356660 
0.078160 
0.160128 
0.214823 
0.808290 
0.143671 
0.467780 
0.305800 
0.280454 
0.221137 
0.412965 
0.671054 
0.425504 
0.252974 
0.079417 
0.728946 
0.125601 
0.842802 
0.732994 
0.299358 
0.354136 
1.457823 
1.041475 
1.088472 
0.240261 
0.685282 
1.468776 
0.356637 
0.814501 
0.346860 
0.778945 
0.358745 
1.009290 
0.522254 
0.602284 
0.386179 
0.530042 
0.045091 
0.373201 
0.650510 
0.575709 
0.065922 
0.261689 
0.274242 
0.416531 
0.192855 
0.557462 
0.241151 
0.581477 
0.051449 
0.629761 
0.548873 
0.444331 
0.563070 
0.508695 
0.378753 
0.480513 
0.160071 
0.772916 
0.671435 
1.494015 
1.482011 
0.343492 
0.414685 
1.391719 
1.178657 
0.909883 
0.702038 
0.233487 
0.339456 
0.543839 
0.414846 
0.628812 
0.245489 
0.621222 
0.656156 
0.051752 
0.602241 
1.011975 
0.813723 
1.196568 
0.487024 
2.488853 
0.622922 
0.472977 
0.176390 
1.872213 
1.267841 
0.734031 
1.398830 
1.091752 
0.702591 
0.866346 
1.595445 
1.657802 
0.809634 
0.581601 
0.780966 
2.148671 
1.970328 
0.393266 
0.544579 
1.516131 
0.743696 
1.398264 
1.341981 
2.892350 
2.201038 
0.469052 
2.025459 
1.868711 
2.314521 
0.882919 
2.625424 
1.502712 
1.426571 
0.473608 
1.106894 
2.296998 
1.117398 
1.947952 
0.795001 
1.322096 
0.772499 
1.956754 
1.351542 
0.284390 
0.448689 
1.843632 
1.602415 
0.180145 
0.305982 
0.493836 
1.332716 
0.549287 
0.062663 
0.404125 
1.357216 
0.889944 
1.107479 
1.772292 
2.020082 
0.146666 
0.879264 
0.266807 
0.376781 
1.154131 
1.192599 
2.124694 
0.671773 
0.421091 
1.070914 
1.060377 
0.633170 
0.779963 
0.824143 
1.285343 
0.351064 
1.924009 
0.404396 
1.093194 
1.259451 
0.503504 
0.298027 
0.806762 
1.956674 
1.256483 
1.301977 
0.444106 
0.316089 
0.784224 
1.317741 
1.343299 
0.394127 
0.623143 
0.873599 
0.536890 
0.867397 
1.505906 
2.779387 
1.733317 
0.986905 
0.887610 
1.411461 
0.847196 
0.390429 
1.051818 
1.619770 
1.240611 
2.901171 
3.430920 
1.950379 
1.402521 
1.576791 
1.633853 
2.198246 
6.146162 
6.974690 
5.200744 
3.986781 
5.361411 
6.133628 
5.101950 
4.619815 
5.041048 
2.417059 
3.186228 
4.417036 
2.426806 
5.787256 
6.067966 
2.082170 
2.577469 
7.784686 
3.398789 
3.796735 
1.352615 
10.376282 
2.862942 
6.576237 
2.320788 
7.085479 
6.744179 
9.005220 
1.948934 
0.897886 
6.361185 
4.452857 
2.447830 
3.654255 
7.423811 
2.024840 
3.602541 
7.348288 
6.579897 
5.597749 
6.153697 
1.601524 
0.834274 
2.537217 
5.323023 
3.086042 
4.252600 
2.015485 
5.154748 
5.313215 
0.979582 
2.699691 
2.079671 
0.275671 
2.085893 
5.359000 
2.417657 
2.616488 
2.639752 
3.157268 
1.281234 
3.001139 
2.340321 
2.256228 
1.274685 
1.537815 
1.796951 
1.941935 
1.504191 
1.431079 
1.731601 
0.258460 
1.119318 
0.154483 
1.513123 
2.212890 
2.024265 
2.647106 
2.416021 
1.267729 
0.853103 
1.496951 
1.899637 
0.542176 
1.468768 
1.976181 
1.619291 
1.932933 
1.237587 
0.854766 
1.382485 
2.521425 
0.989774 
1.041240 
0.524032 
0.751815 
2.475763 
2.598497 
0.717763 
0.879583 
1.267006 
0.672518 
0.938681 
2.523853 
5.941286 
2.476510 
1.735208 
3.134630 
3.153348 
3.403786 
3.749600 
3.337112 
4.176874 
5.146118 
2.195500 
4.146787 
2.657437 
1.361704 
1.886769 
1.573428 
1.186272 
2.150717 
1.540655 
1.702236 
1.296477 
1.920258 
0.909790 
1.237420 
2.820353 
1.465291 
0.613225 
3.132801 
0.908462 
0.770477 
0.668630 
3.393030 
2.397112 
2.932802 
2.467552 
2.839990 
5.394710 
5.801670 
5.622828 
5.555300 
7.732163 
3.730865 
1.093805 
4.573176 
3.662548 
3.322070 
6.588758 
5.886061 
3.601274 
12.611410 
10.565084 
7.530654 
4.400018 
7.143639 
8.067240 
1.322765 
4.873185 
1.588169 
4.469244 
2.724776 
2.595579 
3.203772 
7.863287 
10.328714 
3.010199 
4.680611 
2.963292 
2.229936 
3.331083 
17.447550 
13.400264 
4.278540 
8.440066 
7.157984 
11.750040 
2.823853 
11.904684 
15.854972 
0.640783 
6.082459 
11.218286 
2.423116 
6.183239 
12.176600 
6.676197 
9.504286 
7.001443 
5.654657 
11.075277 
1.829695 
7.313228 
8.108186 
3.438303 
1.806358 
2.302317 
7.884937 
6.699276 
1.730815 
2.903612 
0.864874 
1.939795 
0.556947 
2.537435 
0.721873 
4.221862 
2.730234 
2.743696 
1.545475 
2.897486 
7.688259 
5.613843 
2.050551 
5.759934 
4.875140 
1.474360 
0.956801 
5.688053 
2.601114 
6.243406 
3.206270 
5.029944 
0.715987 
2.348426 
1.905811 
3.975345 
2.661550 
3.733368 
7.360969 
2.630545 
4.048641 
0.511694 
4.681413 
6.416869 
5.196687 
5.115352 
4.247903 
1.501366 
2.135196 
8.622597 
3.343968 
8.297385 
3.112159 
3.384146 
1.603653 
2.892729 
1.843603 
2.786261 
1.984727 
0.826852 
2.239476 
4.732432 
1.741148 
1.180749 
2.255014 
2.759936 
1.724264 
3.206746 
0.749702 
2.754745 
1.452158 
3.254989 
2.953976 
4.407433 
2.545833 
2.259846 
0.809035 
2.006811 
0.588470 
6.328087 
14.824764 
19.246103 
11.344767 
6.009303 
9.374345 
6.338160 
2.126087 
7.071111 
6.957654 
14.437092 
12.585049 
16.715958 
8.276010 
9.182467 
13.227782 
9.680453 
25.512436 
7.725281 
11.258169 
2.812488 
22.712168 
5.904311 
10.330341 
0.412535 
3.508466 
10.272813 
16.467157 
6.830775 
8.746960 
11.429744 
3.706270 
4.216818 
13.391693 
9.105678 
16.365295 
8.686059 
13.075459 
10.961453 
14.106503 
5.566515 
17.336512 
14.881295 
4.035398 
3.811582 
5.417415 
4.944584 
2.910374 
4.416365 
4.521807 
3.019053 
3.741017 
4.702700 
5.919817 
5.456989 
6.458037 
2.840708 
3.861183 
0.756450 
4.048393 
3.963217 
2.348960 
2.669728 
1.381553 
3.112065 
2.206156 
5.397773 
1.408377 
0.752010 
2.316861 
0.338249 
8.068968 
8.020590 
2.723812 
5.846766 
2.123689 
2.402656 
2.630563 
0.426789 
2.515776 
3.146233 
0.722184 
2.003771 
3.072584 
0.641443 
0.406108 
1.353466 
0.862207 
0.287920 
1.114820 
1.494835 
0.653749 
1.456641 
2.861841 
0.437783 
1.386906 
0.746199 
0.888324 
1.970850 
0.711867 
2.051992 
1.407282 
2.235486 
1.734950 
2.328356 
2.881288 
3.473636 
1.264112 
2.858415 
0.565377 
1.412444 
1.376457 
2.779469 
0.144475 
1.919058 
0.485919 
0.793294 
1.538988 
1.204569 
1.643031 
1.281864 
0.445123 
0.522283 
0.275297 
0.754661 
1.073704 
0.381459 
1.834177 
0.891581 
0.416971 
1.022301 
0.291133 
1.420285 
0.169150 
0.579786 
1.686948 
1.498655 
2.194239 
1.376318 
7.119641 
1.385994 
3.685214 
6.540437 
4.607613 
1.935126 
2.285041 
4.303295 
4.133589 
2.070003 
6.101832 
11.852619 
5.875742 
9.947001 
4.665843 
16.814833 
8.487355 
11.280826 
7.065409 
5.201815 
2.896742 
4.645922 
3.260642 
2.308702 
5.684551 
5.838344 
5.907971 
6.036382 
8.246749 
5.235536 
4.069870 
7.666780 
7.552427 
2.716638 
4.714605 
10.457934 
10.719646 
7.452277 
0.783109 
6.666573 
6.993558 
3.699875 
4.944910 
4.638345 
1.946562 
12.287284 
6.877683 
3.392393 
1.666617 
5.478230 
4.551118 
4.509462 
3.256890 
1.075320 
0.607441 
1.510163 
1.141640 
1.467783 
4.030492 
0.819905 
3.977451 
0.096331 
2.365511 
1.933849 
1.981607 
0.701994 
2.655946 
5.565808 
2.189674 
0.295386 
2.377485 
3.227073 
0.282407 
4.824090 
3.095218 
2.052181 
3.197406 
1.890474 
1.875529 
1.154202 
5.633693 
1.790429 
5.290542 
1.303108 
2.119176 
2.036004 
2.978787 
1.610985 
2.678452 
1.050595 
3.008048 
5.387576 
1.958022 
1.045028 
2.359544 
0.749156 
1.547228 
2.545249 
6.604186 
1.574119 
7.783501 
2.791634 
3.184762 
1.920667 
3.804026 
1.008016 
2.447093 
4.755836 
1.174522 
0.595900 
5.987541 
1.141636 
4.721223 
1.017018 
0.719501 
4.395682 
2.430021 
4.691770 
5.386093 
2.192817 
2.710232 
2.020514 
1.817950 
3.053874 
3.333964 
0.897925 
10.978971 
15.227568 
16.606043 
4.383415 
6.089092 
7.950105 
4.380509 
9.395695 
12.234957 
17.310932 
8.076984 
18.437531 
24.690960 
19.453787 
9.108190 
2.712282 
23.116970 
14.935174 
5.308479 
11.669175 
2.822723 
7.486436 
9.829237 
22.620113 
27.123999 
7.038288 
12.341189 
25.281105 
8.328210 
34.098640 
25.379427 
9.498534 
21.146046 
41.070019 
26.930037 
16.016577 
6.453424 
44.882130 
25.525314 
28.610348 
53.558289 
26.464880 
69.833214 
26.805256 
23.465565 
9.409598 
43.112274 
33.421886 
14.181967 
5.170937 
28.204760 
18.500114 
32.224674 
10.680375 
12.362707 
14.375705 
16.441282 
29.786524 
24.547403 
7.801509 
19.290678 
31.230247 
16.140930 
16.978474 
31.172897 
25.049547 
18.088179 
11.641270 
3.881637 
10.297962 
2.571697 
3.703202 
5.600845 
5.281621 
8.489519 
4.616501 
1.736063 
3.439708 
3.685611 
7.365176 
3.004464 
4.775935 
3.852567 
3.003772 
4.192934 
0.668382 
1.815223 
8.804834 
2.679943 
2.738095 
3.398524 
1.876103 
3.227095 
3.122077 
2.052714 
1.653055 
1.300987 
2.661404 
1.209334 
2.821356 
1.543586 
1.003928 
4.509653 
0.300159 
0.505157 
6.248536 
0.595090 
2.768021 
6.669982 
2.924107 
1.302450 
3.023621 
5.065718 
0.245565 
3.038020 
12.033002 
6.242864 
10.243211 
5.971577 
2.339143 
9.886452 
1.484702 
4.273060 
2.621722 
4.328672 
4.502848 
3.299195 
7.673289 
1.938485 
4.242263 
16.792019 
6.883322 
8.578365 
10.501863 
15.528769 
4.773592 
7.238935 
14.184772 
10.651220 
7.032927 
7.563296 
8.847415 
10.291609 
2.862579 
21.990545 
3.688635 
13.881309 
6.949431 
5.179730 
12.882446 
23.412912 
22.277800 
12.800476 
21.284731 
16.494112 
10.994050 
9.117553 
26.925247 
10.231805 
50.187672 
16.891037 
38.932201 
7.760525 
17.061796 
40.129108 
60.181221 
24.459467 
43.825687 
37.617188 
109.006035 
55.792652 
57.601036 
52.447330 
40.353401 
22.089390 
7.423905 
17.182869 
17.927971 
43.008457 
33.453655 
36.499104 
39.333088 
39.388412 
62.270893 
25.226189 
23.462759 
20.699064 
13.508945 
43.147709 
19.100025 
13.285656 
21.352814 
14.952384 
22.439783 
7.961582 
30.826220 
12.072166 
12.602954 
5.848707 
17.942863 
6.770089 
8.210039 
2.848597 
9.783340 
11.089671 
3.279466 
5.257584 
9.215876 
8.798848 
7.872192 
2.833245 
2.190742 
5.701813 
4.772852 
10.434803 
10.309207 
6.641130 
9.773601 
2.882939 
8.460311 
4.293278 
9.985025 
5.895885 
12.332888 
0.772322 
2.800400 
4.893570 
8.582113 
8.645927 
10.778835 
6.657201 
5.773555 
4.926941 
3.684500 
18.206438 
12.967833 
2.395993 
3.800399 
1.465969 
0.757130 
0.554431 
3.421887 
3.787331 
5.466792 
3.065292 
44.415596 
9.142868 
16.013773 
22.377645 
13.946462 
12.894749 
2.836265 
3.944701 
5.775735 
6.665349 
9.541027 
14.364542 
17.640121 
12.006904 
4.982434 
4.658163 
4.109426 
2.560465 
2.897089 
6.647817 
8.385712 
16.667089 
11.895087 
5.460203 
7.076774 
15.676502 
9.937496 
12.587204 
25.697815 
27.357412 
24.906172 
6.008195 
9.175785 
12.398314 
4.700269 
33.259323 
26.006435 
29.703146 
31.463955 
53.022163 
60.411999 
38.972637 
35.403267 
16.471264 
5.446485 
16.120367 
18.438478 
17.744789 
5.561696 
28.735195 
21.825972 
9.454504 
8.951996 
15.086143 
19.381794 
14.581132 
15.766568 
25.894716 
18.528107 
12.204302 
49.729214 
59.709076 
45.584629 
12.455352 
50.115032 
21.615376 
21.004324 
59.232784 
10.629563 
80.405075 
23.012917 
16.565561 
19.151850 
24.907427 
31.585201 
11.931299 
18.328642 
18.488159 
16.476242 
18.815163 
33.845974 
6.146453 
19.242674 
5.329319 
7.860446 
4.316388 
1.745981 
7.077444 
12.830887 
12.131570 
5.132031 
0.760668 
4.260769 
7.918092 
4.536445 
2.486683 
9.524084 
3.451190 
3.541305 
4.550940 
6.051462 
5.609379 
3.519388 
0.313236 
0.752374 
0.641756 
1.278291 
3.426641 
2.708109 
1.430440 
3.476988 
1.765490 
1.282773 
4.473339 
6.301866 
4.649209 
1.837268 
0.869482 
0.125002 
3.850794 
6.410688 
5.559546 
0.663535 
3.593423 
1.131436 
1.269145 
2.481461 
7.837439 
0.755025 
1.152868 
0.346452 
1.948899 
2.364935 
1.722613 
1.354644 
2.171290 
4.854791 
2.660145 
1.989704 
2.480758 
3.273010 
0.666570 
9.359055 
1.290536 
4.735408 
3.934325 
4.195020 
2.693855 
6.554608 
4.440530 
6.609013 
0.614004 
0.595901 
3.226665 
4.067117 
1.510476 
1.800218 
5.170954 
6.038821 
12.613032 
12.659828 
2.723387 
12.450036 
24.392090 
17.010803 
7.118932 
19.187180 
13.096268 
4.625271 
1.752722 
10.254430 
2.620959 
15.266683 
7.651983 
10.016644 
0.872197 
1.314608 
1.898250 
12.853209 
6.937029 
19.112072 
10.187938 
12.703567 
22.229862 
30.427505 
7.894794 
26.071211 
19.975065 
20.509094 
45.326473 
23.055628 
31.632345 
9.664200 
35.340580 
30.376156 
34.857304 
40.469723 
6.008363 
39.001007 
32.082382 
12.988485 
20.593750 
31.164299 
51.737862 
66.629616 
43.503559 
50.565136 
24.071070 
21.788021 
3.413554 
21.034140 
4.779320 
18.572973 
21.729877 
13.682955 
12.850641 
2.555265 
0.185854 
4.079011 
1.499474 
2.725195 
1.453498 
15.153311 
6.261461 
5.087744 
2.525375 
0.732622 
1.400496 
3.009132 
2.512846 
4.161903 
2.470178 
4.431456 
1.323432 
1.567982 
2.539555 
4.976445 
3.645109 
4.727974 
151.398361 
29.207838 
14.177724 
3.930001 
2.156194 
0.840650 
0.589280 
3.368096 
1.053414 
2.291019 
1.820016 
1.614320 
5.874580 
1.196888 
0.141509 
2.120003 
1.364737 
4.592251 
1.451862 
0.956938 
0.916240 
6.117942 
0.823276 
2.501940 
4.919696 
3.058354 
0.531106 
1.034453 
2.829449 
4.551118 
0.156224 
2.560451 
1.112502 
4.543159 
0.781509 
6.635077 
3.034883 
1.783814 
2.675217 
5.713602 
0.844545 
4.078691 
9.693110 
6.983821 
4.207012 
2.395379 
8.386935 
7.548342 
5.221749 
1.434816 
4.493546 
6.337572 
10.367036 
6.645066 
1.849428 
2.100610 
3.263587 
1.400896 
6.272755 
12.514936 
14.430569 
10.147515 
13.638248 
18.048147 
20.472580 
28.350563 
17.468292 
25.956882 
31.189293 
33.233585 
31.877373 
28.493750 
20.385038 
29.890209 
19.808167 
11.559874 
17.017342 
9.685237 
30.793343 
20.634214 
3.449498 
11.462847 
5.237421 
47.258621 
36.089409 
28.046162 
3.868654 
20.073999 
46.749317 
45.553616 
98.610115 
22.254904 
71.192017 
7.810632 
85.161469 
20.862059 
9.640653 
13.624210 
45.757965 
4.013630 
24.748594 
17.020157 
12.102712 
4.128461 
25.002304 
12.723135 
12.620954 
6.183093 
10.167543 
3.530368 
4.683256 
8.127302 
5.435096 
2.462968 
4.193465 
1.121367 
2.280986 
5.651118 
0.647816 
1.870525 
10.491747 
2.296489 
5.352382 
3.330396 
1.215055 
0.316514 
0.850559 
1.304372 
0.903477 
0.626608 
5.386666 
1.195681 
0.546357 
3.853759 
2.276548 
1.851445 
1.652146 
3.616993 
3.139003 
6.951585 
1.451675 
0.554303 
2.499458 
2.074911 
5.117359 
1.469510 
0.631849 
1.721040 
0.234514 
1.240789 
4.138706 
3.987697 
0.514408 
0.937220 
6.956205 
7.514460 
6.067965 
6.538507 
1.939035 
0.783951 
3.307794 
3.389364 
1.280786 
3.935844 
9.541028 
4.831867 
4.274933 
5.763789 
3.193186 
1.624424 
0.993125 
2.595638 
4.445501 
4.348038 
2.277722 
7.845935 
0.915199 
4.514918 
16.558676 
8.082397 
6.531543 
11.751405 
8.925223 
1.720320 
14.400161 
15.650409 
7.320705 
3.349343 
11.845678 
25.338419 
6.664563 
14.600365 
3.204895 
13.822961 
18.344044 
11.679612 
6.269701 
9.383688 
24.704027 
36.538071 
78.948830 
49.055210 
49.097961 
61.818600 
37.878727 
3.261953 
2.329282 
7.251816 
21.172916 
28.309752 
49.178551 
20.491705 
72.185005 
124.169319 
122.695396 
22.702360 
61.208492 
83.224388 
124.269630 
65.655411 
112.894440 
103.145256 
40.423988 
85.511597 
123.232635 
7.631028 
173.107254 
96.530800 
108.972870 
198.882446 
131.395355 
152.518158 
9.552749 
47.271473 
59.116684 
44.988914 
25.727438 
31.277500 
1.813357 
24.866194 
15.693693 
23.186750 
7.876486 
11.440915 
17.162125 
5.864349 
4.371740 
19.097572 
17.224579 
2.312822 
9.733298 
11.031741 
1.725229 
2.184785 
3.460961 
1.997237 
4.925371 
7.426305 
0.884742 
6.484625 
19.925842 
1.688043 
6.805392 
11.027763 
7.037812 
4.230580 
3.105869 
15.298267 
3.969600 
8.962522 
8.179990 
1.034790 
12.428040 
27.919361 
6.241412 
9.706230 
3.949861 
6.744060 
16.420250 
19.230598 
13.716726 
16.646719 
14.813578 
9.147438 
25.905607 
21.634432 
9.224607 
43.202557 
8.460933 
28.998371 
6.334865 
1.318151 
4.928413 
41.316685 
1.620237 
25.434757 
15.028913 
9.671135 
2.724519 
36.947269 
15.460407 
22.588629 
27.177395 
44.775352 
5.367610 
3.570939 
2.454408 
5.302979 
5.369633 
43.200268 
11.120946 
30.718994 
18.662334 
33.984657 
22.577240 
27.640293 
8.288913 
27.466843 
14.766436 
24.483423 
32.758209 
24.694975 
13.419688 
6.681688 
29.202042 
15.466596 
17.166071 
5.812776 
28.480604 
33.937050 
3.341131 
24.798861 
15.635015 
6.853554 
0.214125 
5.942191 
32.660873 
4.458695 
35.010704 
28.038260 
73.177895 
79.058723 
4.854934 
24.699211 
51.348953 
11.731974 
13.049909 
25.213030 
39.581509 
177.813126 
217.534470 
204.720383 
48.863598 
63.440670 
26.987190 
213.323975 
53.191319 
179.772217 
122.655571 
83.788994 
102.997925 
5.173029 
5.219140 
16.905466 
80.790047 
13.681009 
15.878325 
23.142069 
21.239180 
22.577785 
30.014513 
13.058788 
41.226109 
11.465245 
11.511367 
10.086139 
2.119536 
7.109663 
8.060239 
15.453587 
3.782895 
6.700335 
13.674781 
3.739010 
5.053794 
4.924739 
12.162658 
9.516133 
6.090061 
5.694132 
2.619955 
4.670521 
0.631193 
4.119145 
1.975788 
8.682871 
5.149108 
7.883938 
7.291055 
10.892337 
2.362674 
10.937516 
3.820247 
3.184019 
6.660714 
6.773796 
8.704992 
9.022487 
1.553744 
6.650998 
8.489469 
4.710945 
9.169130 
2.561091 
7.383720 
11.243309 
6.137012 
4.371661 
5.050179 
3.705079 
6.143995 
11.465087 
4.645047 
9.412351 
4.083017 
11.400430 
2.163337 
0.360700 
12.916299 
2.207276 
6.960797 
3.574044 
22.313917 
2.574749 
12.933964 
12.308887 
5.392805 
10.221605 
4.265362 
27.768719 
9.085169 
0.838006 
8.749808 
4.314475 
1.390020 
25.428598 
16.087793 
7.995224 
41.969189 
10.496165 
14.825190 
2.859851 
15.230487 
18.490477 
13.613942 
33.972427 
63.364182 
8.007520 
764.217346 
4.162881 
22.093187 
68.667328 
3.916679 
13.581398 
31.366945 
16.026371 
0.872248 
15.445531 
6.637545 
8.334174 
14.921419 
32.376011 
66.344070 
2.914366 
19.130913 
13.758940 
57.966206 
43.486546 
50.923405 
111.508469 
72.137878 
46.307251 
45.800720 
10.265081 
111.727943 
172.598633 
229.806717 
99.366638 
59.293213 
488.063599 
62.078651 
442.220184 
76.911354 
119.738274 
200.169678 
38.233871 
16.024687 
47.562717 
3.916447 
8.733676 
71.120277 
74.880745 
56.161854 
43.129208 
0.786591 
10.035771 
1.449508 
60.973354 
9.307201 
23.791704 
14.348791 
3.290801 
18.403221 
8.084870 
3.549781 
14.653226 
5.934835 
4.265143 
1.981064 
30.493761 
1.147790 
4.274600 
16.603415 
16.419319 
6.308688 
8.140740 
8.729710 
5.277029 
4.280563 
11.429770 
17.696064 
21.572060 
52.010719 
10.214257 
37.613464 
31.326118 
67.665367 
28.357910 
30.697010 
19.747305 
33.695831 
80.581924 
10.541276 
22.182943 
27.149342 
16.371603 
13.010858 
20.046453 
5.127491 
43.711639 
16.454706 
8.817210 
30.391937 
8.665499 
4.073907 
2.040017 
1.915526 
26.719095 
11.012875 
12.782202 
31.008581 
8.776903 
21.465267 
11.026457 
46.265228 
21.057295 
8.279145 
10.891719 
0.281540 
25.490292 
15.678682 
5.973277 
16.215635 
54.868484 
12.183032 
34.142159 
13.843462 
9.911610 
44.109509 
31.154451 
2.971829 
7.496833 
39.664349 
19.031740 
18.739426 
27.529955 
14.657286 
48.357777 
48.115578 
22.863186 
47.429390 
6.161715 
50.070557 
41.853119 
61.155235 
14.568973 
57.421333 
44.191586 
51.478813 
47.025787 
120.351807 
57.655045 
100.353149 
61.917831 
56.657555 
19.022387 
44.784401 
232.124084 
165.084259 
36.338219 
3.888693 
48.812183 
24.304840 
175.232330 
130.446426 
259.727478 
195.722366 
163.035217 
265.329102 
154.309021 
166.505936 
600.959778 
1311.998779 
1722.409912 
633.882202 
524.263367 
386.779907 
210.519257 
68.173607 
184.166687 
94.503998 
51.961617 
23.986671 
18.714067 
2.499284 
38.062660 
13.837686 
5.747585 
10.691942 
7.327750 
6.018370 
6.296196 
2.262918 
14.097651 
4.336003 
31.519947 
34.730976 
34.013611 
1.024923 
4.422438 
18.179396 
17.077810 
1.734438 
7.811856 
7.907176 
0.101133 
3.385967 
4.695123 
10.019285 
16.518137 
8.638268 
6.287715 
9.253640 
4.674783 
2.375183 
1.985803 
2.332075 
0.276047 
4.895387 
3.757114 
7.891246 
2.942133 
1.483094 
4.172667 
1.525235 
2.404380 
3.220193 
5.109649 
1.560891 
0.005231 
4.389961 
7.143857 
2.014770 
2.469600 
1.207144 
5.247602 
0.929184 
2.938269 
1.415286 
1.697896 
1.859059 
1.767687 
0.078067 
5.485667 
0.207528 
2.871430 
0.381958 
0.546358 
1.124775 
1.265383 
0.419369 
0.801833 
0.752252 
0.005213 
1.393446 
2.898748 
1.813507 
0.089516 
0.351631 
0.282236 
0.032499 
1.894369 
1.883303 
2.718629 
1.274188 
1.955789 
0.342094 
0.169872 
0.673622 
0.575909 
1.670292 
0.485381 
0.406307 
0.050723 
0.238593 
0.825155 
0.114115 
0.313172 
0.429330 
1.001504 
0.048981 
0.010272 
0.106702 
0.745928 
0.148265 
0.071552 
1.457385 
0.879321 
0.272686 
0.635456 
0.685239 
0.653054 
1.761252 
0.435322 
0.032905 
0.907611 
0.650532 
0.095042 
0.008273 
0.377939 
0.283502 
0.811682 
0.080169 
0.451680 
1.867739 
0.187615 
1.599637 
0.930893 
