-1.#IND00 
0.000394 
0.000785 
0.001179 
0.001573 
0.001944 
0.002210 
0.002722 
0.003215 
0.003570 
-0.000709 
0.003967 
0.004747 
0.005081 
0.007503 
0.005871 
0.006271 
0.006713 
0.006983 
0.007434 
0.007761 
0.008200 
0.008608 
0.007699 
0.009695 
0.010025 
0.011239 
0.015302 
0.010731 
0.011295 
0.012452 
0.011099 
0.011941 
0.013070 
0.012318 
0.013479 
0.014349 
0.014730 
0.015121 
0.016002 
0.015839 
0.020112 
0.015863 
0.016907 
0.016685 
0.017751 
0.017792 
0.018802 
0.020084 
0.021621 
0.016247 
-0.000625 
0.020371 
0.021269 
0.020993 
-0.068352 
0.022944 
0.024315 
0.025409 
0.023206 
0.022749 
0.022245 
0.037653 
0.023802 
0.016341 
0.026096 
0.006001 
0.023358 
0.028909 
0.027103 
0.025802 
0.029266 
0.030497 
0.030532 
0.027615 
0.028114 
0.029461 
0.028720 
0.028683 
0.616405 
0.040653 
0.028545 
0.030781 
0.030143 
0.017101 
0.036959 
0.027743 
0.024408 
0.032539 
0.031720 
0.034544 
0.048288 
0.042192 
0.036730 
0.034005 
0.039271 
0.037037 
0.037394 
0.040706 
0.039542 
0.038740 
0.040146 
0.025739 
0.850434 
0.041823 
0.034179 
0.020731 
0.043121 
0.041824 
0.040810 
0.068789 
0.045303 
0.042297 
0.040098 
0.084964 
0.044161 
0.044095 
0.029509 
0.049755 
0.032732 
0.043204 
0.052657 
0.042767 
0.051378 
0.055099 
0.060110 
0.053923 
0.053592 
0.054030 
0.050801 
0.054625 
0.063414 
0.061003 
0.067404 
0.064982 
0.051227 
0.053374 
0.058994 
0.061685 
0.060569 
0.060084 
0.057805 
0.057132 
0.052059 
0.052063 
0.061674 
0.048904 
0.030249 
-0.074388 
0.037729 
0.060388 
0.060796 
0.070062 
0.086513 
0.078023 
0.069478 
0.053633 
0.050757 
0.064001 
0.066129 
0.065470 
0.063329 
0.047265 
0.022146 
0.056074 
0.057313 
0.071989 
0.071147 
0.075681 
0.084727 
0.076743 
0.063265 
0.054504 
0.059874 
0.067605 
0.081126 
0.072409 
0.127947 
0.087358 
0.062538 
0.061918 
0.090942 
0.076593 
0.078977 
0.065071 
0.065408 
0.065066 
0.110577 
0.054366 
0.080020 
-0.516911 
0.103880 
0.135183 
0.059715 
0.074793 
0.077790 
0.074718 
0.096026 
0.088369 
0.083198 
0.103789 
0.085190 
0.037341 
0.065638 
0.053912 
0.062493 
0.075467 
0.050226 
0.110569 
0.076467 
0.074881 
0.070554 
0.117938 
0.056752 
0.082318 
0.115816 
0.152331 
0.087259 
0.092660 
0.116946 
0.080080 
0.084589 
0.095603 
0.091708 
0.084547 
0.105521 
0.085579 
0.069505 
0.080004 
0.111760 
0.031435 
0.092580 
0.097496 
0.081288 
0.133002 
0.119269 
0.093601 
0.043000 
0.289633 
0.099922 
-0.116915 
0.163432 
0.068282 
0.103494 
0.146873 
0.145123 
0.099584 
0.000679 
0.088978 
0.099900 
0.181116 
0.089127 
-0.255344 
0.123646 
-0.387672 
0.112523 
0.091640 
0.098851 
0.114751 
-0.008372 
-0.196359 
0.106674 
0.218608 
0.150835 
0.090566 
0.170387 
-0.003709 
0.123601 
0.234136 
0.111683 
0.040786 
0.062579 
0.071153 
0.093660 
0.112989 
0.205327 
0.143853 
0.104860 
0.115781 
0.112734 
0.143710 
0.125676 
0.114506 
0.085018 
0.148735 
0.354145 
0.110666 
0.097010 
0.076769 
0.015623 
0.214660 
0.141311 
0.632050 
0.064703 
0.108380 
0.154216 
0.354178 
0.114250 
0.152339 
-0.426426 
0.120889 
0.054689 
0.112809 
0.108103 
0.122052 
0.131112 
0.112323 
-0.156359 
0.130194 
0.124842 
0.104037 
0.100754 
0.099581 
0.100046 
-0.356684 
0.050663 
0.150708 
-0.335154 
0.087686 
0.118857 
0.226871 
0.126547 
0.187992 
0.140890 
0.146177 
0.254216 
0.134780 
0.202388 
0.156471 
0.357524 
0.129837 
-0.159537 
0.120539 
0.145560 
0.157149 
0.144286 
0.060850 
0.132399 
0.087401 
0.068542 
0.144102 
0.158977 
0.082222 
0.113890 
0.170697 
0.213699 
0.151284 
0.227516 
0.151164 
0.125345 
-0.118732 
0.120610 
0.143734 
0.131126 
0.079146 
0.270513 
0.126422 
0.112234 
0.212864 
0.141259 
0.189981 
0.169428 
0.138656 
0.110226 
0.389554 
0.203769 
0.633122 
0.058182 
0.139612 
0.150108 
0.193201 
0.129336 
0.161093 
0.033927 
0.038056 
0.086701 
0.141177 
0.074173 
0.087608 
0.150125 
0.105667 
0.156161 
0.645474 
0.280925 
0.053820 
0.051055 
0.153975 
0.180561 
0.168041 
0.118306 
0.087734 
0.197195 
0.051912 
0.191186 
0.153682 
0.276463 
0.093417 
1.528593 
0.161526 
0.100595 
0.223001 
0.171709 
0.118539 
0.188451 
-0.165856 
0.063374 
0.034975 
0.170760 
0.162334 
0.195400 
0.316351 
0.008732 
0.193310 
-0.150575 
0.217178 
0.198254 
-0.701038 
0.159904 
0.162423 
0.087327 
0.213326 
0.177618 
0.098655 
0.184948 
0.351619 
0.536285 
0.222503 
0.290028 
-0.538193 
0.217763 
0.120961 
-0.170847 
0.197766 
0.151886 
0.127347 
-0.282416 
0.295835 
0.167483 
0.217056 
0.308925 
0.075272 
0.080664 
0.059218 
0.172077 
0.151515 
0.243913 
0.229449 
0.119532 
0.301545 
0.177651 
0.353386 
0.292836 
-1.319445 
-0.225904 
0.296967 
0.209250 
0.138893 
0.105903 
0.224800 
0.150496 
-0.075218 
0.109403 
0.094295 
0.132094 
-1.378163 
0.170717 
0.089175 
-1.444024 
0.240639 
0.066278 
0.322930 
0.145026 
0.084859 
0.228392 
0.202727 
0.390655 
0.300753 
0.077587 
0.217567 
0.253962 
0.131918 
-0.125778 
0.164553 
0.021208 
0.157723 
0.144940 
0.147859 
0.062188 
0.126716 
0.160902 
0.170704 
0.165837 
0.711331 
0.360980 
0.152544 
0.127296 
0.077066 
-0.232462 
0.250551 
0.281293 
0.478172 
0.170176 
0.121907 
0.144317 
0.412032 
0.387628 
-0.961091 
0.086065 
0.056584 
-0.050524 
0.130704 
0.230990 
0.179793 
0.082942 
0.166218 
0.136015 
-0.358932 
0.117600 
0.083884 
0.404404 
-1.387418 
0.303791 
0.143825 
0.208945 
0.126051 
0.211190 
-0.171546 
0.178996 
0.085627 
0.148086 
0.220891 
0.114034 
0.269715 
0.882477 
0.446018 
0.439421 
0.026305 
0.091532 
0.028036 
0.109471 
0.253583 
0.216795 
0.141337 
0.436668 
0.082831 
0.175251 
0.220833 
0.353649 
0.225840 
0.252118 
0.337510 
0.284893 
0.622436 
1.158340 
0.115518 
0.205147 
0.172632 
0.195222 
0.160501 
0.139950 
0.115159 
0.572052 
0.639529 
0.330333 
0.128487 
0.122007 
1.274563 
0.383882 
0.345406 
0.175929 
0.022886 
0.814706 
0.444929 
0.241537 
0.139678 
1.095005 
0.214970 
0.129553 
-0.023704 
0.335824 
0.186559 
0.003863 
-1.282725 
0.246119 
-0.055884 
0.258143 
0.356543 
0.047124 
-0.942003 
0.327877 
0.134305 
0.107495 
0.220552 
0.232229 
0.172101 
0.228333 
0.279527 
0.250316 
0.342459 
-0.568159 
0.526100 
0.194059 
0.207238 
0.226584 
0.142943 
0.681226 
1.212231 
0.199020 
0.268601 
0.537782 
0.620174 
0.338551 
-0.341583 
0.227665 
0.186069 
0.288613 
0.272348 
-0.033690 
0.446438 
0.288233 
0.183705 
0.308141 
0.496807 
-0.212548 
0.435985 
0.227452 
-0.104733 
-0.215637 
0.199254 
-0.424978 
-0.347823 
0.351737 
0.133381 
0.618897 
0.225115 
0.255394 
0.284959 
0.316563 
0.264636 
0.266609 
-0.340579 
0.213342 
0.091046 
0.286615 
0.252237 
-0.103089 
0.299992 
0.164636 
0.566140 
0.551106 
0.302408 
0.162756 
0.302333 
0.183549 
0.190631 
-0.467129 
0.215703 
-0.090611 
0.092109 
-0.969140 
0.156878 
0.638489 
0.817073 
-0.101341 
0.159572 
0.392671 
0.256140 
0.163379 
0.324392 
-0.004358 
0.349151 
-0.163119 
-0.927695 
0.058192 
0.200091 
0.265521 
0.298141 
0.207232 
0.270037 
0.243205 
0.334815 
0.657420 
0.013928 
-0.137904 
-0.013685 
0.035529 
-0.016792 
0.101164 
0.091041 
0.123667 
0.172522 
0.253228 
0.330764 
0.284328 
0.312506 
0.377089 
0.302700 
0.327630 
0.274861 
0.262085 
0.236947 
0.099772 
0.549318 
0.568747 
0.819673 
0.198015 
0.267673 
0.219257 
0.033820 
-0.447619 
0.392503 
0.193960 
0.204985 
-0.209201 
0.446029 
0.245979 
0.257386 
0.088186 
1.146515 
0.276899 
0.516003 
0.639639 
0.569385 
0.284895 
-0.376610 
0.245546 
0.289904 
0.121400 
1.109262 
0.368828 
0.227706 
1.358803 
-0.650602 
0.258725 
0.184096 
0.426934 
-0.095336 
0.217504 
0.091598 
-0.075256 
0.047843 
0.233308 
-0.093191 
0.334202 
1.534464 
0.147787 
0.212359 
0.505116 
0.433910 
-0.135987 
0.533294 
0.148638 
-1.349670 
-0.246455 
-0.642950 
0.249148 
0.175942 
0.448944 
0.219348 
-0.289828 
0.076971 
0.045372 
0.430040 
0.244365 
0.049463 
0.276578 
-0.010747 
0.395031 
0.281551 
0.418358 
-0.143287 
-0.435980 
0.676971 
0.317830 
0.195710 
0.295027 
0.287086 
-0.403982 
0.635331 
-0.478582 
-1.178730 
0.882730 
0.071937 
0.134790 
0.201400 
0.019982 
0.520074 
0.371979 
-0.897988 
0.549855 
0.214646 
0.257352 
0.301446 
0.178521 
0.205905 
-0.148785 
0.005738 
0.323820 
0.150704 
0.244681 
-0.489686 
0.322735 
0.535296 
0.630839 
0.206309 
0.898396 
0.030267 
0.320511 
0.129720 
0.204762 
0.349350 
0.227063 
1.484314 
0.533239 
0.077387 
0.220193 
0.908078 
0.010793 
-0.045284 
0.262050 
-1.443254 
-0.495398 
-1.315998 
0.399880 
1.010015 
0.248943 
-0.033915 
0.477545 
0.614599 
0.206123 
0.328390 
0.320218 
0.568742 
0.304729 
0.323924 
0.387681 
0.493370 
0.333488 
0.294803 
0.097180 
0.752489 
1.017256 
-0.306250 
0.018224 
0.721713 
-1.411782 
-0.201854 
0.222168 
0.488096 
0.306455 
0.163293 
-0.189297 
0.760555 
0.832740 
0.517199 
0.348814 
-0.925133 
0.389315 
-0.090109 
-0.552159 
-0.306820 
0.321878 
0.570374 
0.488992 
0.861534 
0.487737 
0.466406 
-0.221606 
0.753573 
0.829301 
0.213601 
0.392507 
0.610215 
-0.695216 
0.416325 
-0.290005 
0.460700 
0.216672 
-0.104527 
1.452166 
0.515689 
0.704929 
0.545200 
0.317993 
0.323544 
-0.058838 
1.167683 
0.205304 
0.647721 
0.211017 
-0.076827 
-1.023089 
-1.119867 
0.496171 
0.212441 
0.325539 
0.257069 
0.495732 
0.429209 
0.883635 
0.632555 
0.289249 
1.232851 
0.117583 
-0.147431 
1.084295 
-1.385876 
0.184429 
-0.072171 
0.349198 
-0.137356 
-1.166535 
0.352707 
0.547337 
-0.267811 
0.267822 
0.468765 
0.386846 
0.409560 
0.802706 
0.421747 
0.204797 
0.256249 
0.282927 
0.790737 
0.585249 
-0.333889 
0.377163 
0.214282 
0.449872 
0.472398 
0.716747 
-1.028371 
0.297281 
0.700644 
0.324769 
0.262861 
0.046480 
0.228966 
-0.313801 
-0.250519 
-0.363440 
0.306539 
0.633007 
0.758348 
1.083969 
0.166576 
0.086061 
0.216821 
-0.662264 
0.474248 
0.527860 
0.302328 
-0.155564 
0.843501 
0.453131 
0.277021 
0.225408 
0.350166 
0.253698 
0.171018 
0.145862 
0.239397 
-0.070682 
0.925893 
-1.374908 
0.936430 
0.419472 
0.503571 
0.473790 
0.531428 
0.155446 
0.366184 
0.428939 
0.647903 
0.390909 
0.392482 
0.149566 
-0.063537 
-0.300955 
-0.364702 
0.319573 
-0.726070 
-0.512322 
0.651197 
0.493511 
0.407029 
0.424842 
0.060091 
0.240201 
0.174825 
1.167971 
0.369220 
0.387034 
0.299522 
0.075947 
-0.063655 
-0.288518 
-1.138326 
0.647179 
0.781500 
-0.014532 
-0.077338 
1.027260 
-0.872728 
0.900846 
0.924154 
0.274309 
0.285280 
-0.189443 
0.370968 
0.842481 
0.680439 
0.386596 
0.265513 
-0.199570 
0.400773 
0.590880 
0.863702 
0.435397 
0.569041 
0.426461 
0.554459 
0.382898 
0.650203 
0.234854 
0.425336 
0.231544 
0.511956 
0.025078 
0.165946 
1.441308 
0.791292 
-0.073725 
-0.105328 
0.135341 
1.364958 
1.255491 
0.156239 
-0.323319 
1.116614 
-0.955884 
0.244871 
-0.615280 
0.236214 
1.181837 
-0.093594 
0.602685 
0.878276 
0.802530 
0.668859 
0.906729 
-0.063518 
1.131196 
0.624419 
-1.002438 
0.551463 
0.969006 
0.622915 
0.353697 
0.114077 
0.001519 
0.138041 
-0.657923 
0.800268 
-0.010851 
1.475997 
-0.609558 
0.718370 
0.548049 
0.667691 
0.352181 
0.725158 
0.276205 
0.278916 
0.021385 
0.817447 
0.018241 
0.168362 
0.616117 
1.072526 
0.627887 
0.555386 
0.171308 
-1.250717 
0.738551 
1.311742 
-0.409397 
0.377446 
0.586490 
0.586801 
-0.031421 
0.729168 
0.350151 
1.570000 
0.537600 
0.678662 
0.030774 
0.382845 
-0.262168 
0.379749 
-0.500718 
1.079252 
-0.150848 
0.237484 
0.412766 
0.187525 
0.555821 
0.094288 
0.245088 
0.775001 
1.148061 
0.620116 
0.189354 
1.560093 
0.153414 
0.837421 
0.828925 
0.673191 
-0.311153 
0.739420 
0.209372 
0.489425 
0.574069 
0.882536 
0.137045 
0.302076 
0.234475 
0.162139 
-0.897938 
0.685724 
0.261218 
1.359283 
0.362027 
0.135545 
0.489770 
-0.937372 
0.057515 
-1.349276 
1.165810 
0.592373 
-0.687026 
0.456115 
0.040569 
0.276421 
0.123050 
0.102004 
0.343490 
-0.672091 
-0.158425 
0.257626 
0.649980 
-0.364082 
0.402396 
0.690880 
0.378822 
-0.433361 
1.369552 
0.896416 
-1.444671 
0.581423 
0.189658 
-1.304413 
0.413039 
-0.145651 
0.080788 
-1.078429 
0.133828 
0.279098 
0.257008 
0.400564 
1.144339 
-0.174817 
0.364034 
0.011998 
0.656001 
0.731717 
0.148904 
0.289223 
-0.032891 
0.738784 
-0.135160 
0.240868 
0.696373 
0.569169 
0.024475 
-0.364760 
0.801854 
-0.577341 
-0.572560 
-0.010400 
0.859633 
0.583543 
1.435520 
0.465568 
0.246114 
0.180452 
0.327898 
0.518464 
0.313853 
0.337057 
0.232174 
0.349681 
-0.423835 
0.703293 
-0.476013 
0.077607 
0.857920 
-1.487085 
0.766548 
0.844087 
1.225236 
1.018775 
0.402218 
-1.340895 
0.108316 
-0.708202 
-1.147270 
0.839249 
0.287638 
-0.344821 
1.522758 
0.595215 
0.722061 
1.191348 
1.099598 
0.312081 
0.088340 
-0.128082 
0.015217 
0.207966 
0.078682 
-1.388276 
1.235584 
-1.470954 
-0.631029 
-0.243883 
-0.370641 
0.053373 
0.028399 
0.254769 
0.363600 
0.771201 
0.138265 
-1.139126 
0.172199 
-0.550235 
-1.466701 
1.397962 
0.597211 
0.833958 
0.910949 
-1.439628 
0.671753 
-0.804876 
0.823949 
0.176077 
0.731365 
0.547553 
-1.457855 
-0.253722 
-0.064409 
-0.628702 
-0.718448 
0.430062 
0.036534 
1.243908 
1.269157 
0.580391 
1.025680 
0.551261 
0.655862 
-0.923248 
-0.120776 
-0.132065 
1.392747 
0.239061 
0.610684 
0.236477 
1.046368 
1.230930 
-0.002640 
0.511401 
-0.664868 
0.820785 
-1.325349 
0.406297 
1.016934 
0.419684 
-0.980148 
0.034258 
0.575063 
0.193994 
1.218354 
0.874453 
0.449014 
0.955027 
-0.239537 
1.196520 
-0.012030 
0.291182 
0.407794 
0.033225 
1.417262 
0.334730 
0.825378 
-0.431779 
1.147033 
0.582956 
0.788231 
0.408696 
1.349429 
-0.513288 
0.838895 
-0.135081 
-0.272001 
0.134436 
0.548935 
0.712017 
-1.479354 
-0.544737 
-0.560134 
0.505720 
0.887310 
0.913445 
-0.661051 
0.979562 
0.230202 
0.644455 
0.168544 
-0.958925 
-0.635762 
0.750482 
-0.217031 
-1.103530 
0.743058 
-0.208633 
0.453960 
0.317879 
0.349821 
0.669127 
-1.273378 
0.193448 
0.106861 
-1.252698 
0.350042 
0.715187 
0.430780 
-0.427898 
0.668159 
0.849581 
0.180358 
0.276119 
0.786300 
-0.152184 
-0.206420 
-0.098920 
0.638538 
1.303693 
-0.928470 
0.101559 
0.534135 
0.507768 
-0.630236 
0.306305 
0.074023 
0.489730 
-0.429725 
0.706844 
1.459507 
0.129809 
0.936566 
-0.176232 
0.677815 
0.170026 
0.494470 
-0.393952 
0.815985 
0.986366 
-0.174608 
0.431753 
1.190742 
1.143172 
0.687725 
1.554261 
0.164316 
0.037163 
-0.214988 
0.417407 
0.085987 
-0.095810 
0.036754 
-1.259016 
0.621499 
-0.464662 
0.317748 
-0.736995 
0.455223 
-0.404891 
0.725416 
0.478482 
0.603509 
-0.418280 
0.995537 
0.817719 
0.701572 
-0.250683 
-0.106547 
-0.907210 
0.693096 
-1.361260 
0.804439 
-0.925381 
-1.342927 
0.077945 
-0.084037 
1.506657 
-1.464313 
-0.066658 
-0.432914 
-0.493818 
-0.798188 
0.632766 
-0.374097 
0.824891 
0.678858 
-0.822142 
0.554455 
0.245143 
-0.146977 
0.108752 
-1.463996 
0.383247 
0.690340 
0.503594 
0.196339 
-1.483512 
-1.409592 
0.515269 
-0.298646 
0.579719 
0.373455 
-1.129059 
0.874435 
0.023445 
-0.277851 
1.081115 
0.261259 
-0.264899 
1.419055 
0.084022 
-0.074300 
1.433711 
0.380622 
-1.339071 
1.489571 
-1.106580 
1.010535 
-0.212633 
1.490337 
-0.535835 
0.802380 
0.848742 
-1.378007 
0.297688 
0.510135 
0.537957 
-0.019386 
0.654306 
0.326785 
-1.182510 
0.312147 
0.295226 
1.209206 
-0.086641 
-0.950187 
0.846598 
0.281378 
-1.270424 
0.728643 
0.441412 
-0.382066 
0.095834 
-1.368957 
0.077628 
0.647106 
0.744027 
-1.390545 
-0.047238 
0.456009 
0.309212 
0.153144 
1.032715 
0.331085 
-0.538580 
0.663431 
0.844341 
0.486841 
0.138590 
0.417669 
-1.385129 
-1.042885 
-0.857960 
-1.128752 
0.741048 
0.738291 
1.023709 
-1.525320 
-0.317382 
-0.249041 
-0.253574 
-0.186723 
0.440342 
0.335483 
0.568767 
0.190979 
0.301410 
-0.130332 
0.069256 
0.527917 
0.436173 
0.544313 
-0.408763 
-0.695292 
0.230009 
-0.308354 
-0.092725 
1.020783 
0.233620 
-0.740116 
0.892397 
0.599799 
-0.612277 
-1.411438 
1.539474 
-0.170121 
-0.638036 
0.527102 
1.498555 
-1.565072 
-0.738324 
-0.457471 
0.802278 
0.081155 
0.780171 
-1.058119 
0.855604 
0.837737 
0.379056 
-1.015122 
-0.588049 
0.048338 
-1.218016 
-0.398062 
-0.019196 
0.605911 
-0.130767 
-0.010620 
-1.269370 
0.421990 
-0.101874 
0.797307 
-0.366803 
0.392237 
0.432932 
0.052989 
0.275127 
-0.713219 
0.573815 
1.096606 
-0.948548 
1.344228 
0.775479 
-0.971829 
-0.110834 
-1.409388 
0.531015 
1.550458 
-0.290435 
0.288235 
0.477029 
-0.649109 
-0.630314 
-0.538513 
-0.069008 
0.725504 
-0.304186 
0.661256 
1.301736 
0.281639 
0.013014 
0.751068 
0.721750 
0.323921 
-0.087506 
0.618577 
0.050804 
1.468145 
-0.180090 
-0.090740 
-0.007394 
0.064098 
0.316435 
-0.957479 
1.438599 
0.353972 
-0.372180 
1.070560 
-0.900113 
0.100934 
0.194794 
-1.350480 
1.549787 
0.218687 
0.121275 
-0.355574 
-0.935291 
0.786793 
0.456563 
0.152065 
-0.469298 
-1.084331 
0.287260 
1.294968 
0.743014 
1.291479 
0.265073 
0.048213 
0.422106 
-0.507607 
-0.965686 
0.967958 
0.985364 
0.291197 
0.952906 
-0.171983 
-1.310598 
0.938670 
0.818120 
1.102167 
-0.931006 
-0.230230 
0.102642 
-0.791921 
-0.276749 
0.219888 
0.813302 
1.526951 
0.131866 
0.643591 
0.457405 
0.544518 
-0.139331 
-0.249059 
0.553055 
-0.720415 
0.723932 
0.365122 
-0.771116 
1.054763 
-0.866234 
0.452957 
-0.691105 
-0.071961 
-0.679160 
1.142746 
0.822371 
0.648640 
-0.364925 
1.286355 
-0.156154 
-1.356958 
0.991344 
0.720721 
-0.347350 
-0.815885 
-0.600265 
0.899938 
-1.224795 
0.098751 
-1.519878 
0.745363 
0.543094 
0.531795 
-0.073206 
1.439784 
0.651821 
1.490222 
0.018947 
0.640377 
1.377492 
0.862657 
1.119593 
0.077669 
1.384174 
-0.211346 
0.638248 
1.290953 
0.786304 
0.388861 
0.275085 
0.401561 
0.856048 
-1.232254 
0.756327 
-1.230523 
1.079838 
0.839716 
0.914131 
-1.476163 
1.400373 
0.120159 
0.901327 
-0.920747 
-0.010486 
0.429352 
-0.012445 
-1.312647 
-0.684494 
-1.479566 
0.207482 
0.571165 
-0.606807 
0.107396 
0.416617 
0.299760 
1.148873 
0.612794 
0.806803 
0.349553 
-0.461826 
-0.552683 
1.322576 
0.682577 
-1.569404 
0.379421 
1.220482 
1.297162 
-0.220447 
-0.943700 
0.259839 
-0.372438 
-0.853400 
-1.279968 
-0.027221 
1.553798 
1.407532 
0.585733 
0.840599 
0.669327 
0.507441 
-0.325776 
0.807192 
0.814840 
1.096354 
-0.100619 
0.215033 
0.419477 
1.054685 
-0.241993 
0.148486 
-1.330450 
0.495977 
-0.907246 
-0.708099 
0.302928 
-0.154485 
-0.601014 
-0.881913 
-1.238913 
-1.243649 
0.997057 
0.891920 
0.321164 
-0.151820 
-0.119009 
-0.321511 
-1.053166 
-1.051926 
-0.398150 
-0.043178 
0.097288 
1.435489 
1.453041 
0.625297 
0.873921 
1.352466 
0.234962 
0.631800 
1.447181 
0.848912 
0.513690 
0.398591 
1.408187 
-0.000733 
-0.089761 
0.507521 
-0.329975 
1.387586 
-0.821175 
0.452474 
-0.555720 
0.236168 
0.213662 
0.237572 
0.284329 
-0.121278 
0.517913 
-1.274711 
-0.308936 
-0.547600 
1.368358 
-0.963999 
-0.396632 
1.457535 
-0.170691 
-0.000721 
0.205451 
0.392507 
-0.688295 
1.360919 
1.017068 
-1.237866 
-0.219025 
1.100750 
-0.847356 
-0.027208 
-0.150753 
-0.159920 
0.581528 
0.618415 
0.627368 
0.998092 
-0.195371 
-0.238416 
-0.362867 
0.049388 
0.783545 
0.775016 
-0.462221 
-0.104252 
1.199780 
1.446475 
-1.182575 
-0.328176 
-0.858593 
0.830406 
-0.044936 
-1.365271 
1.176989 
-0.070527 
-1.255363 
-0.733470 
-1.313855 
-0.685265 
-1.406056 
-0.511329 
0.933915 
-1.361504 
0.008579 
-1.111619 
0.187459 
-0.208458 
-0.892089 
1.548123 
0.255839 
-0.565865 
-0.665197 
-0.902244 
-0.244006 
-0.060421 
0.706062 
0.968188 
-0.612435 
-0.908612 
1.197014 
0.441591 
1.083091 
-1.324146 
-0.116318 
0.490158 
0.787482 
-0.230232 
-0.691871 
0.590849 
0.444573 
-1.438689 
0.355543 
-1.233801 
1.130939 
-0.377774 
0.163988 
-1.254786 
-0.160729 
0.626074 
0.999971 
0.735046 
0.096194 
0.211558 
-0.928420 
-1.562448 
0.912122 
-0.231808 
1.557456 
0.054472 
0.062469 
1.030971 
0.940477 
0.489649 
0.646659 
0.760112 
0.211483 
0.371521 
0.526038 
-0.623541 
-0.872706 
0.266732 
-1.505518 
-0.548202 
-0.833657 
-1.453942 
1.455987 
0.887111 
-1.511147 
-1.119883 
-0.337676 
0.665504 
0.447747 
-0.059955 
0.377719 
0.985516 
0.535536 
-1.159660 
0.609945 
-0.008732 
-0.766166 
0.959525 
0.682297 
0.939605 
0.513659 
-1.541396 
-0.982976 
1.061786 
0.504383 
-1.255188 
1.068874 
0.640609 
0.546449 
-0.974527 
-0.823713 
-0.328143 
-1.056033 
-0.780042 
0.326492 
-1.374322 
0.362440 
0.335647 
0.911250 
0.024296 
-0.152938 
-0.968974 
0.348237 
-0.496431 
-0.020444 
-0.483372 
1.422111 
-0.630189 
0.585682 
0.317648 
0.092398 
-0.305146 
0.574379 
0.349677 
-0.384631 
-1.502501 
0.737280 
-0.544836 
1.563540 
0.976407 
0.761148 
-1.188078 
1.123416 
-0.705854 
-0.204746 
-0.954040 
1.127345 
0.151290 
1.158068 
-1.129052 
0.229303 
-0.515057 
1.364322 
-0.074517 
0.877938 
0.623341 
-0.395589 
-0.230704 
0.146583 
-0.195895 
-1.070370 
1.285637 
-0.771253 
0.196011 
0.873967 
-0.053613 
1.143638 
1.522823 
0.122999 
0.617858 
0.553988 
0.013392 
1.031019 
0.578029 
-0.280418 
-0.284391 
-1.334127 
0.176509 
-1.236550 
-0.137028 
-0.646742 
-0.991703 
-0.954238 
1.110551 
-0.040136 
0.712709 
0.658854 
-1.306945 
-1.352578 
0.713914 
1.471105 
1.520919 
0.321817 
-0.831146 
0.593363 
0.551886 
-0.741602 
0.954725 
-0.575716 
-0.270280 
-1.537167 
-1.134621 
-0.739841 
-0.295646 
1.441650 
1.250409 
0.814141 
0.756086 
1.258287 
-1.006509 
-0.737432 
-0.942714 
-0.542107 
0.184073 
0.190549 
0.884184 
1.350547 
0.085148 
1.368453 
1.460895 
0.979639 
-0.041977 
0.250828 
0.767649 
-0.156425 
0.547272 
-1.207183 
-1.050631 
0.553801 
1.067182 
0.657156 
0.274288 
0.002900 
0.669983 
-0.030702 
1.558876 
0.842466 
1.346274 
0.777681 
0.198817 
-0.549530 
0.097148 
0.862256 
-0.237169 
0.238625 
1.249819 
1.460168 
-0.762285 
-1.222001 
-0.461333 
0.658467 
-1.144558 
0.487825 
1.278129 
0.483428 
-1.320072 
-0.393954 
0.867439 
1.540787 
-0.906335 
1.333672 
-0.511971 
-0.571548 
1.471847 
1.245129 
-0.692731 
1.074758 
-0.834647 
0.377971 
-0.225455 
0.803003 
1.236095 
-0.721779 
1.243799 
1.074860 
0.500127 
0.835647 
0.835178 
0.978222 
-0.816377 
0.123210 
0.424345 
-0.187846 
0.048186 
0.176856 
-0.551747 
0.858078 
-0.152773 
-1.338205 
-1.054446 
-1.175753 
1.352491 
0.994385 
-0.023260 
1.031631 
0.905216 
-0.903417 
-1.505790 
-0.185693 
1.150095 
-1.528231 
1.380866 
-0.922340 
-1.055534 
1.236695 
1.461076 
-1.393117 
0.160958 
-0.701251 
1.346248 
-1.474542 
0.467072 
-0.216306 
-0.643274 
0.902092 
1.331700 
-0.636911 
1.399074 
-1.468315 
0.721622 
-0.850739 
1.415165 
1.034814 
-0.449427 
0.218226 
-0.962836 
0.620198 
-1.400546 
-0.992502 
-1.100868 
0.250867 
1.092174 
0.765071 
-1.070868 
1.517478 
-0.602397 
0.866689 
-1.476217 
-1.222607 
-0.921105 
0.488621 
-0.056136 
-0.102358 
0.019594 
-0.855963 
-1.174220 
-1.393435 
-1.443491 
-1.337785 
-0.767277 
-0.687115 
-0.254514 
-1.523647 
-0.772716 
-0.035503 
0.067605 
0.881208 
1.044937 
-0.367431 
0.990488 
-0.465777 
-0.303723 
0.563076 
-0.738606 
1.500229 
1.186150 
0.031856 
-0.618596 
0.473052 
-0.273269 
0.130785 
1.553384 
-0.333854 
0.227089 
-0.173057 
-0.999528 
-0.802896 
-1.056565 
0.104577 
1.355570 
-0.330759 
-1.028556 
-0.899728 
1.416294 
-0.555790 
-0.464986 
-0.540747 
-1.201650 
-1.440462 
-0.812290 
1.345027 
0.883042 
-1.500392 
0.799138 
-0.213193 
-0.847421 
-0.854939 
-1.418073 
-1.406710 
-0.478503 
-0.182872 
-1.422053 
0.215020 
1.115025 
-1.316164 
0.207959 
-1.064241 
-0.522649 
0.204771 
-0.362970 
1.481959 
0.671386 
-0.788440 
1.312995 
-0.657743 
-1.063910 
0.446094 
-1.087544 
1.062843 
-1.194736 
1.412680 
-0.708102 
-1.462479 
-1.324939 
-0.055939 
0.704375 
0.768777 
-0.102783 
-1.563719 
-1.134750 
-0.787277 
-0.859662 
-1.003003 
-0.635277 
-1.001281 
1.288718 
-0.286647 
-1.368690 
-0.050115 
-1.285859 
-1.127108 
-1.233371 
-1.098437 
-1.145722 
0.524090 
-1.004644 
1.315133 
0.803806 
-1.132719 
0.830242 
0.485417 
0.492279 
0.208078 
0.345889 
1.522977 
-0.502369 
1.559286 
-0.188212 
-0.283484 
0.826378 
-0.371896 
0.945584 
-1.260970 
-1.344525 
-0.212164 
-0.150344 
0.877270 
0.293431 
-0.756728 
0.435741 
-0.535360 
-1.149291 
-1.556157 
-0.737503 
-0.732240 
-0.495214 
1.450714 
1.143764 
1.451890 
1.020471 
1.216122 
-0.714924 
-1.257978 
-0.934152 
-0.842775 
-0.487601 
0.663870 
1.568082 
-1.485781 
-1.171755 
-0.215495 
-1.209352 
-0.201937 
-1.394892 
0.221451 
1.488596 
-0.445667 
-0.168737 
1.099179 
1.167077 
-1.388337 
0.767889 
1.088873 
0.133361 
-1.407606 
-1.128186 
-0.000414 
-0.077612 
-1.157459 
0.118537 
0.813036 
-0.883171 
-1.252405 
-0.421346 
0.141024 
1.145680 
-0.958814 
-0.670706 
1.340157 
-0.868450 
-0.768136 
-1.502818 
-0.464810 
1.462661 
0.241082 
0.347241 
1.137147 
0.103129 
-1.036974 
0.073742 
-1.469276 
0.445746 
0.680237 
-0.499935 
0.247321 
-1.156621 
-0.111000 
1.329075 
1.206436 
1.028975 
-0.256211 
1.527467 
0.803126 
1.231216 
0.434326 
-0.722592 
-0.155769 
-1.394707 
1.273811 
-1.570292 
0.342975 
-0.898028 
0.331568 
-1.075757 
1.094535 
1.012991 
-0.775394 
-0.596718 
1.491356 
-1.560150 
1.247896 
-0.783753 
-1.499919 
-1.308814 
0.954387 
-1.398022 
0.839181 
1.540522 
-0.569472 
1.234616 
1.333067 
0.969800 
-0.792241 
1.197061 
-0.065236 
0.658984 
-0.968594 
-0.484927 
-0.711062 
-1.346454 
-1.463500 
-0.240672 
-0.368295 
-0.656858 
-0.415294 
-1.137194 
1.271744 
0.825938 
1.149042 
-1.315580 
-1.126054 
0.792258 
-1.260265 
-0.904636 
-1.441068 
1.309563 
-0.839451 
0.287359 
-1.082101 
-1.322826 
-0.199651 
1.148414 
-1.278623 
0.611561 
-1.445016 
1.354589 
0.878222 
1.226231 
-1.543216 
-1.338165 
0.289774 
1.262937 
-0.461398 
-0.979183 
-1.105651 
-1.119273 
-1.363196 
-1.390006 
-0.184279 
-0.347258 
-0.212323 
0.122483 
-0.193477 
1.219196 
-1.444408 
0.298770 
-1.350052 
-0.714979 
-0.693776 
-1.018941 
1.095137 
-1.402118 
-1.141499 
-1.381726 
-0.973416 
-1.421747 
0.811892 
-0.175648 
-0.586507 
0.830421 
0.031691 
-1.198079 
-1.408363 
-1.468180 
-0.194950 
-0.756824 
-1.560116 
-1.075440 
1.006918 
-1.286175 
1.419486 
-0.082599 
-1.486679 
-0.626773 
0.001586 
0.368308 
-0.983993 
1.364806 
-1.523349 
-1.198250 
0.207850 
-0.050899 
-1.543300 
-0.314876 
-1.034674 
-0.436494 
1.355941 
-1.343639 
-1.218333 
-1.340277 
-1.269235 
0.027889 
-1.452815 
-0.907018 
-1.460616 
1.443269 
-0.898780 
1.121918 
-0.495190 
0.949537 
1.558019 
-1.274902 
-0.539722 
0.528329 
-0.905555 
0.228204 
0.964278 
-0.276983 
0.295918 
-1.314421 
-0.921961 
-0.673569 
-1.349451 
-1.223034 
1.044684 
-0.754076 
1.313978 
0.514654 
-0.746755 
-0.438432 
-0.816100 
-0.581010 
1.378724 
0.565972 
0.172251 
-1.546202 
-0.871270 
-0.688044 
-0.116270 
-1.541902 
1.099778 
-1.097103 
0.133561 
1.434698 
0.014148 
0.642872 
1.286134 
1.404096 
0.745931 
0.025356 
-0.546194 
-0.943888 
-0.796769 
-0.717305 
-0.047340 
1.144787 
-0.658499 
0.283163 
-0.818169 
-1.313414 
1.059234 
-0.883612 
-1.330453 
-1.005618 
-0.877147 
-0.940966 
-1.300363 
-1.471940 
-1.343718 
0.195709 
1.144575 
0.575864 
1.542020 
-0.506202 
0.966892 
-0.902003 
-0.032653 
0.252711 
-0.947318 
-1.504776 
-1.393697 
-1.456575 
-1.117152 
-0.985988 
-1.113151 
-0.447145 
1.231281 
1.521735 
-0.796108 
-0.381499 
-0.537376 
0.230478 
-1.518831 
-0.919023 
-0.317790 
-1.057712 
-1.292210 
0.031820 
-0.880272 
0.812128 
-0.836101 
-1.376371 
-1.207019 
-0.787356 
-1.413814 
-1.357252 
-1.304388 
-0.489325 
-0.811007 
1.077694 
-1.187364 
1.398805 
-1.497550 
-0.581671 
1.299165 
-1.235901 
-1.125624 
-1.260516 
-1.397267 
-0.438436 
-0.998746 
0.893315 
-1.041938 
0.892889 
1.058301 
1.405887 
-0.614724 
0.699555 
-1.085259 
-0.841395 
-1.365815 
1.147428 
0.593920 
1.074544 
-1.095141 
-1.060358 
0.801402 
0.302206 
-0.373597 
-1.190723 
-1.259576 
-0.635687 
-1.375601 
1.428966 
-0.896903 
-0.680639 
-1.329714 
1.120621 
-1.140565 
-1.064264 
1.335182 
-0.693772 
1.474804 
-1.051734 
1.444895 
-0.925272 
0.680045 
-0.363852 
-0.400856 
0.350862 
-1.006405 
0.953765 
-1.388689 
-0.994621 
0.797003 
0.377637 
-1.446478 
1.381311 
-1.063826 
-1.172328 
0.122851 
-0.614952 
-0.684724 
0.304449 
-0.662928 
-1.243085 
1.546236 
-1.095020 
1.309825 
-0.731512 
-1.015054 
-1.252864 
-1.052518 
-0.970084 
0.815573 
0.324890 
-1.290728 
-0.483423 
-1.298501 
-0.921756 
-1.505006 
0.445497 
-1.065920 
0.704346 
-0.999948 
1.418872 
-1.067918 
1.368365 
-1.064056 
-1.360369 
-0.699799 
0.512168 
-1.433035 
-0.977937 
-1.162850 
0.286047 
0.629348 
1.478760 
-1.097208 
0.364533 
1.435564 
1.344342 
-0.770542 
-1.098129 
-1.000621 
-1.133518 
-1.251202 
0.399366 
-1.222465 
-1.393417 
1.012762 
1.006992 
-0.548682 
-0.810415 
1.414833 
-1.409057 
0.136517 
-0.678045 
-1.418299 
1.138098 
-1.163225 
-1.387358 
-0.808379 
-1.296604 
-1.347596 
1.024602 
-1.110031 
1.552362 
1.179379 
0.355487 
-0.968587 
0.892507 
1.551180 
-1.298224 
1.478189 
1.421256 
-1.144801 
-1.199900 
-0.419160 
-1.497141 
-0.816154 
-0.540675 
-1.124484 
0.119497 
1.173454 
0.526284 
-1.540397 
-0.983467 
-0.782512 
-0.913946 
-0.422550 
-1.150666 
-0.598021 
-1.404676 
-0.809597 
-0.601369 
-1.075261 
-0.085248 
-1.301786 
-0.584223 
0.932086 
1.323717 
-1.251967 
-1.241051 
-0.567407 
-1.379803 
1.510405 
-0.852042 
-1.172284 
1.383664 
1.071563 
0.395938 
-1.212755 
-0.641955 
0.844135 
-1.114366 
-1.557154 
-0.404663 
-1.534675 
-1.058878 
1.508435 
-0.905401 
1.195717 
-1.195145 
-1.488790 
-1.194431 
-1.245784 
-1.299912 
-1.498631 
0.390733 
1.007206 
1.205777 
-1.428388 
-0.242542 
-0.838990 
-0.257390 
1.204024 
-1.048714 
-0.919201 
-1.496695 
0.962636 
-1.173215 
-1.123873 
-0.648134 
-1.492711 
0.058424 
-0.907247 
-0.501403 
-0.185820 
-1.090904 
-0.450755 
-0.588786 
1.318645 
0.726457 
-1.224474 
1.549655 
0.942799 
1.206182 
-1.344733 
-1.163596 
-0.261414 
0.972058 
0.475535 
1.548595 
-1.257179 
-1.128801 
-0.907374 
-0.114060 
-1.431997 
-1.246839 
-1.153081 
1.294882 
0.048030 
-0.132194 
-1.161078 
-1.440364 
1.560692 
-1.328095 
-0.210087 
-0.571611 
0.201319 
-1.525554 
1.421652 
-1.153868 
-0.429599 
-0.072755 
-1.352289 
-1.228461 
-1.081126 
1.410356 
1.132737 
-0.738254 
-0.609730 
-0.933252 
-1.148076 
-0.801329 
0.697228 
-1.072279 
1.238951 
-1.212614 
-1.433757 
1.101566 
-0.508609 
-1.045218 
-1.082092 
-1.537718 
-1.190904 
-0.389326 
-0.241050 
-0.914663 
-1.167364 
-1.182000 
-1.478440 
-1.045622 
-1.152906 
-1.355710 
-1.394380 
1.503973 
-1.042206 
-1.257643 
-1.036167 
-1.359699 
-0.593368 
-0.740128 
0.684201 
1.375475 
-0.693925 
0.902688 
-1.396690 
-1.234217 
-1.050655 
-1.484099 
-1.161666 
-0.439335 
-0.657061 
-0.854748 
-0.804196 
-0.898066 
0.428753 
1.470998 
-1.072547 
1.145915 
-1.548972 
-1.568539 
-1.257721 
-1.350833 
-1.144793 
1.525174 
-1.253304 
0.492558 
-1.225527 
-0.809809 
-1.304029 
0.035086 
-1.313479 
-1.458208 
-0.127607 
1.536299 
-1.293003 
-1.148680 
0.895808 
-1.405802 
0.213437 
1.355776 
-0.657845 
1.067574 
-1.199650 
-1.499568 
-1.178461 
-1.196633 
-1.034437 
-0.927253 
-1.540713 
-0.870673 
-1.030190 
-1.111715 
1.346710 
-0.076171 
-1.473253 
1.406258 
1.253345 
-0.166262 
-1.551220 
0.976747 
-1.422922 
-1.537632 
-0.871241 
-0.747790 
0.415061 
-1.101144 
0.959350 
-1.352184 
-0.751150 
-1.497306 
-1.068278 
-1.067734 
1.483583 
-0.757106 
-1.229546 
-0.683573 
1.274106 
1.344532 
-1.304633 
0.019801 
-1.320108 
-0.882297 
-0.274099 
-1.154497 
-1.112464 
-0.626653 
-0.877305 
-0.985523 
-1.213250 
1.471693 
-0.031231 
-1.220421 
-0.606444 
-0.750487 
-1.403077 
-1.077207 
-1.336348 
-1.210394 
1.486821 
1.115357 
-0.913200 
-1.366272 
0.551150 
0.870757 
-1.177097 
-1.507909 
1.348070 
1.059466 
1.477401 
-0.812377 
-1.528932 
-1.295318 
0.068842 
-1.167040 
-1.372313 
-1.232321 
-0.978750 
-1.125517 
-1.508916 
1.165444 
-1.047379 
-1.077519 
-1.308957 
-1.256929 
-0.756374 
-1.059190 
-1.324759 
-1.133470 
-0.078852 
-1.003116 
-1.457143 
-0.914095 
-1.169066 
1.462998 
-1.028519 
-1.431641 
-1.259790 
-1.041678 
-0.235452 
-0.982653 
-1.059333 
-0.114475 
-1.162186 
-1.169277 
-1.279213 
-0.875315 
-0.619331 
-1.198162 
-1.457686 
-0.327839 
-1.203505 
-1.531639 
0.298580 
1.202040 
-1.208723 
-1.043834 
0.795071 
0.013861 
1.568322 
-0.641307 
-0.932039 
1.503744 
1.564871 
-1.007308 
-1.364229 
-0.984785 
0.817949 
-1.351128 
-1.354067 
-1.434643 
-0.777969 
-1.391312 
1.035071 
1.357340 
-1.449932 
-1.390224 
-0.532796 
-1.384809 
-1.180132 
-1.131010 
-1.370515 
-0.896920 
-1.376584 
-0.889339 
1.467660 
-1.128272 
-1.226236 
0.592792 
-1.263655 
-1.228126 
-0.250322 
-1.111631 
-1.241604 
1.113702 
1.523284 
1.567143 
1.409935 
-0.946960 
0.673168 
-1.009470 
-0.712150 
-1.184515 
-1.383421 
-1.004332 
-0.434156 
-1.536073 
0.859518 
-1.358145 
1.418399 
1.254343 
-1.265645 
0.999921 
-1.477852 
-1.346622 
-1.332502 
-0.928139 
-0.198364 
1.141174 
-1.231839 
-0.945836 
-1.346519 
-1.077874 
-1.071623 
0.671216 
-0.435846 
1.295996 
-0.999029 
-1.342348 
-0.738407 
-1.405449 
-1.179769 
0.624316 
-1.380416 
-1.531363 
0.700773 
0.503517 
-1.333998 
-1.422482 
-0.488135 
1.381780 
-0.935967 
-0.245324 
1.439674 
-1.230127 
0.115086 
-1.545653 
1.164459 
-0.123600 
-1.120789 
-0.944329 
0.949465 
1.101663 
-0.844700 
-1.042007 
-1.126682 
-1.536263 
0.070880 
0.669716 
-0.918099 
-1.279747 
-1.361895 
-0.963887 
1.384058 
-1.357180 
-1.156881 
-1.233659 
-1.102837 
-0.652050 
-1.115533 
0.063255 
1.223511 
-1.062788 
1.127530 
-1.361658 
1.173670 
-1.026551 
-1.357078 
-1.170022 
-1.345897 
-0.914595 
1.549524 
-1.374019 
-1.534783 
-1.163302 
1.550069 
1.174293 
-1.143256 
-1.176452 
0.956613 
-1.265335 
-1.520807 
-1.297153 
0.104442 
-1.234597 
-1.126770 
-1.246819 
-1.342091 
-1.495250 
-1.306426 
0.462444 
-1.391180 
0.419448 
1.300387 
-1.430931 
-1.067147 
-1.327704 
-1.147055 
-1.367703 
-1.538068 
-1.152076 
-1.111597 
0.051984 
-1.365290 
-1.158309 
-1.309483 
1.009914 
-1.250573 
1.479026 
-1.298322 
0.463716 
-1.093033 
-1.148813 
1.382055 
-1.132347 
-1.386838 
-0.962945 
-1.191729 
-1.362238 
1.531221 
-1.185126 
-1.210525 
-1.386761 
-1.360501 
-1.468052 
-1.385474 
-1.334107 
-1.366434 
-0.694646 
-1.363580 
-0.352972 
-1.369706 
1.555125 
-1.377468 
-1.188660 
-0.746319 
-1.310119 
-1.434307 
-1.370862 
-1.286714 
-1.470995 
-0.964350 
1.556875 
-1.009163 
-1.368816 
-1.254245 
-0.619057 
-1.104799 
1.024315 
-1.283459 
-1.457744 
-1.443816 
-1.531675 
-1.238872 
-1.404087 
-1.289994 
-1.052476 
-1.413802 
-1.466294 
-1.513256 
-1.268310 
-1.277281 
-1.543208 
0.723902 
-1.210714 
-1.458251 
-0.499351 
-1.247649 
-1.310933 
0.328747 
-1.308838 
-1.058980 
-0.960408 
-1.302335 
-1.173944 
-0.487781 
1.536286 
-1.262915 
-1.364795 
-1.256749 
1.500423 
-1.294017 
-1.447131 
-1.248662 
-1.270857 
-1.384232 
-1.285480 
-1.135222 
-0.756094 
-1.438816 
-1.338480 
-1.279458 
-1.420824 
-1.416882 
0.360835 
-0.437580 
-1.219381 
-1.238619 
0.000117 
-1.392110 
1.088688 
-1.348426 
-1.089367 
-1.376173 
-1.397922 
-1.469508 
-0.388722 
-1.079428 
-1.184698 
-1.306695 
-1.298798 
1.501170 
-1.503058 
-1.049612 
-0.806628 
-1.184806 
-1.361549 
-1.444275 
1.420318 
-1.499983 
-1.496937 
-1.439907 
-1.367985 
-0.677983 
-1.544317 
-1.114947 
-1.239146 
-1.385333 
0.864129 
-1.153236 
0.404839 
-1.372681 
-1.461698 
-1.347296 
-0.727900 
-1.301981 
-0.976838 
-0.601053 
-1.124787 
-1.388907 
-1.139532 
1.496251 
-1.351348 
-0.858193 
-1.445176 
-1.355616 
-1.374458 
-0.886078 
-1.145554 
-1.559722 
1.242671 
-1.258114 
-1.209611 
1.087349 
-1.300568 
-0.668165 
-1.438775 
-1.566320 
-1.247912 
-1.366437 
-0.282331 
-1.351398 
-1.137110 
-1.426587 
-1.334894 
-0.991253 
1.526170 
-1.376536 
-1.361014 
-1.424490 
-1.214329 
0.836476 
1.294037 
-1.453602 
-1.283206 
-1.353914 
-1.070787 
-1.263847 
-1.244616 
-1.390368 
-1.317720 
-1.492065 
-1.503632 
-1.151522 
-0.395091 
1.517363 
-0.307432 
-1.194553 
-1.450538 
-1.268813 
-1.349841 
1.540631 
1.338585 
-1.421307 
-1.431615 
-1.212101 
-1.281658 
-0.423055 
-1.483235 
-1.298004 
-0.528345 
-1.510802 
1.397394 
-1.331280 
-1.028667 
-1.149645 
-1.335459 
-1.374223 
-0.674666 
-1.507220 
-1.354668 
-1.338097 
-1.069863 
-1.136533 
-1.359439 
1.536847 
-1.401733 
-1.448460 
-1.365208 
-1.366516 
-1.496676 
-1.432495 
-1.364256 
-1.325980 
-1.365201 
-1.243510 
-1.196741 
1.283412 
-1.414694 
-1.232628 
0.794177 
-1.370793 
-1.501219 
-1.369393 
-1.432919 
-1.336202 
-0.857108 
-1.422915 
-1.404029 
0.741563 
-1.326849 
-0.590460 
-1.403166 
-1.518600 
-1.032505 
-1.162727 
-1.189643 
-1.375749 
-1.426260 
-1.184119 
-1.362996 
1.154914 
-1.198439 
1.127217 
-1.478048 
1.340206 
-1.348004 
-1.195625 
-1.365373 
-0.762238 
-1.379767 
-1.117476 
-1.040380 
-1.399978 
-1.210313 
-1.323363 
1.210698 
-1.317246 
-1.368774 
-1.222440 
-1.365517 
-1.391836 
0.042949 
1.554874 
-1.231120 
-1.360889 
-1.454660 
-0.860103 
-1.382877 
-1.417244 
-1.475869 
-1.354907 
1.521207 
-1.493638 
-1.436122 
-1.051401 
-1.401101 
-1.436070 
-1.358132 
-1.425977 
-0.985355 
-1.390357 
-1.258185 
1.466837 
-1.405590 
-1.418992 
-1.332628 
-1.141338 
-1.425276 
-1.504228 
-1.456458 
-1.367422 
-1.447278 
1.569732 
1.465941 
-1.422178 
-1.351263 
-0.787046 
-1.245070 
-1.376069 
-1.388924 
-1.470795 
-1.283712 
-1.411400 
0.516828 
-1.345231 
-1.541222 
-1.375737 
-1.389516 
-1.351681 
-1.431441 
-1.409336 
-1.362099 
-1.412492 
-1.381594 
-1.445727 
-1.373007 
-1.340725 
-1.453154 
-1.425176 
-1.454730 
-1.382477 
-1.474975 
-1.429508 
-1.372903 
-1.431731 
-1.411650 
-1.420184 
-1.407462 
-1.444372 
-1.392435 
-1.266232 
-1.424262 
-0.448383 
-1.256030 
-0.501162 
-1.476082 
1.313074 
-1.403450 
-1.543614 
-1.020589 
-1.284016 
-0.442152 
-1.476029 
-1.369376 
-1.424755 
-1.386738 
-1.455532 
-0.451195 
-1.455871 
1.378870 
-1.427971 
-1.299364 
-1.395982 
-1.445453 
-1.436870 
-1.343057 
-1.414548 
-0.972654 
-1.165379 
-1.425967 
-1.430192 
1.333641 
-1.533892 
-1.435577 
-1.427256 
-1.421592 
-1.386128 
-1.441117 
-1.539522 
-1.365272 
-1.368410 
-1.380780 
-1.414355 
-1.424956 
-1.348818 
-1.198135 
-1.402167 
-1.398629 
-1.511195 
-1.450171 
0.260521 
-1.458802 
-1.389409 
-1.397572 
-1.535157 
-1.422300 
-1.432751 
-1.418743 
-0.708009 
-1.442540 
-1.435496 
1.526872 
-1.299291 
-1.425355 
-1.416727 
-1.568619 
-1.387666 
-1.550933 
-1.436421 
-1.393291 
-1.323674 
-1.463528 
-1.464184 
1.449960 
-1.360198 
-1.531233 
-1.428189 
-1.472021 
-1.450105 
-1.391122 
-1.377002 
-1.411356 
-1.386076 
-1.336246 
-1.484969 
-1.468766 
-1.464767 
-1.390883 
1.342629 
-1.464908 
-1.446792 
-1.489808 
-1.417207 
1.178664 
-1.542249 
-1.341546 
-1.447415 
-1.411597 
-1.413304 
-1.445371 
-1.378195 
-1.414956 
-1.059772 
-1.533501 
-1.499767 
-1.447802 
-1.423715 
1.514210 
-1.474354 
-1.428706 
-1.542635 
-1.447979 
-1.066981 
-1.466415 
-1.493610 
-1.443372 
1.421791 
-1.443371 
-1.417517 
-1.246926 
-1.449734 
-1.444310 
-1.472758 
-1.424422 
-1.409666 
-1.451489 
-1.292299 
1.262914 
-1.196870 
-1.387515 
-1.499042 
-1.469444 
-1.484504 
-1.456669 
-1.446309 
-1.443567 
-1.392359 
-1.524840 
-1.200808 
-1.460619 
-1.456084 
-1.430770 
-1.117457 
0.500942 
-1.489688 
-1.440110 
-1.354989 
-1.447957 
1.543504 
1.410118 
-1.318687 
-1.484230 
-1.514426 
-1.478046 
-1.443697 
-1.560880 
-1.463561 
-1.419353 
-1.481175 
1.387450 
-1.463858 
-1.473152 
-1.447968 
-1.325606 
-1.436638 
-1.482194 
1.540793 
-1.536125 
-1.475979 
-1.452798 
-1.521376 
-1.452517 
-1.442619 
-1.400554 
-1.167259 
1.300127 
-1.452555 
-1.432238 
-1.485204 
-1.453550 
-1.473434 
-1.485735 
-1.433369 
-1.471721 
-1.359641 
-1.564198 
-1.483836 
-1.272704 
-1.177819 
-1.440932 
-1.519736 
-1.558560 
-1.345610 
-1.503164 
-1.481189 
-1.472075 
-1.474766 
0.263544 
-1.426587 
-1.488968 
-1.404277 
-0.768155 
-1.456324 
-1.471945 
1.510460 
-1.451921 
-1.330269 
-1.513896 
-1.467631 
-1.490055 
-1.489995 
-1.464427 
-1.477806 
-1.386804 
-1.487611 
-1.458560 
-1.552371 
-1.399449 
-1.531586 
-1.473200 
-1.484714 
-1.506267 
-1.484939 
-1.401619 
1.563052 
-1.497658 
-1.514178 
-1.450797 
-1.480056 
-1.501874 
-1.485682 
-1.482592 
-1.487329 
-1.471367 
-1.469247 
-1.520741 
-1.476172 
-1.491846 
-1.491226 
-1.501774 
-1.423863 
-1.484103 
-1.503938 
-1.494045 
-1.550372 
-1.490492 
-1.494572 
-1.485957 
-1.539261 
-1.482406 
-0.523188 
-1.493712 
-1.480749 
-1.469926 
-1.503251 
-1.497959 
-1.522558 
-1.485115 
-1.499934 
-1.509728 
-1.494219 
-1.528332 
-1.496500 
-1.494952 
-1.510963 
-1.476679 
-1.492419 
-1.495895 
-1.492041 
-1.488686 
-1.502277 
-1.503655 
-1.522040 
-1.517730 
-1.521160 
-1.521497 
-1.482866 
-1.506987 
-1.507578 
-0.382738 
-1.501542 
-1.496043 
-1.502595 
-1.490937 
-1.510831 
-1.514529 
-1.504934 
-1.475552 
-1.514367 
-1.519294 
-1.525943 
-1.537578 
-1.511012 
-1.501338 
-1.516649 
-1.542901 
-1.515238 
-1.495074 
-1.513429 
-1.512891 
-1.514287 
-1.512182 
-1.519788 
-1.520422 
-1.514812 
-1.509183 
-1.527715 
-1.514863 
-1.538176 
-1.485520 
-1.517576 
-1.536256 
-1.515404 
-1.432074 
-1.523795 
-1.518418 
-1.551506 
-1.525701 
-1.521323 
-1.517013 
-1.512543 
-1.508425 
-1.521814 
-1.515973 
-1.516519 
-1.565382 
-1.525909 
-1.522618 
-1.520163 
-1.525122 
-1.521590 
-1.524953 
-1.534156 
-1.527085 
-1.523877 
-1.529780 
-1.531992 
-1.542550 
-1.538379 
-1.527576 
-1.493826 
-1.529277 
-1.528117 
-1.530615 
-1.554990 
-1.530846 
-1.525523 
-1.544872 
-1.536801 
-1.531995 
-1.533407 
-1.533675 
-1.521036 
-1.280238 
1.505762 
-1.538661 
-1.533069 
-1.533935 
-1.536411 
-1.535238 
-1.536053 
-1.542646 
-1.533079 
-1.539598 
-1.541077 
-1.514383 
-1.538249 
-1.541277 
-1.541288 
-1.540849 
-1.520399 
-1.542044 
-1.545016 
-1.543048 
-1.542258 
-1.545107 
-1.543321 
-1.544350 
-1.543895 
-1.561393 
-1.542562 
-1.545661 
-1.545303 
-1.544866 
-1.547183 
-1.550779 
-1.538755 
-1.542131 
-1.546084 
-1.548279 
-1.549029 
-1.548467 
-1.548998 
-1.550205 
-1.549539 
-1.550658 
-1.549933 
-1.549241 
-1.551066 
-1.551790 
-1.553054 
-1.553370 
-1.552977 
-1.553455 
-1.553832 
-1.553611 
-1.554686 
-1.556575 
-1.556333 
-1.556930 
-1.556080 
-1.556954 
-1.557373 
-1.557422 
-1.557496 
-1.557991 
-1.558329 
-1.559093 
-1.560397 
-1.559743 
-1.560299 
-1.560509 
-1.561336 
-1.561362 
-1.561435 
-1.562235 
-1.562497 
-1.563017 
-1.568563 
-1.562686 
-1.564086 
-1.564424 
-1.564941 
-1.565420 
-1.565749 
-1.566002 
-1.566471 
-1.567619 
-1.567253 
-1.567647 
-1.568122 
-1.568431 
-1.568831 
-1.569234 
-1.569615 
-1.570004 
-1.570404 
-1.570796 
1.570404 
1.570004 
1.569615 
1.569234 
1.568831 
1.568431 
1.568122 
1.567647 
1.567253 
1.567619 
1.566471 
1.566002 
1.565749 
1.565420 
1.564941 
1.564424 
1.564086 
1.562686 
1.568563 
1.563017 
1.562497 
1.562235 
1.561435 
1.561362 
1.561336 
1.560509 
1.560299 
1.559743 
1.560397 
1.559093 
1.558329 
1.557991 
1.557496 
1.557422 
1.557373 
1.556954 
1.556080 
1.556930 
1.556333 
1.556575 
1.554686 
1.553611 
1.553832 
1.553455 
1.552977 
1.553370 
1.553054 
1.551790 
1.551066 
1.549241 
1.549933 
1.550658 
1.549539 
1.550205 
1.548998 
1.548467 
1.549029 
1.548279 
1.546084 
1.542131 
1.538755 
1.550779 
1.547183 
1.544866 
1.545303 
1.545661 
1.542562 
1.561393 
1.543895 
1.544350 
1.543321 
1.545107 
1.542258 
1.543048 
1.545016 
1.542044 
1.520399 
1.540849 
1.541288 
1.541277 
1.538249 
1.514383 
1.541077 
1.539598 
1.533079 
1.542646 
1.536053 
1.535238 
1.536411 
1.533935 
1.533069 
1.538661 
-1.505762 
1.280238 
1.521036 
1.533675 
1.533407 
1.531995 
1.536801 
1.544872 
1.525523 
1.530846 
1.554990 
1.530615 
1.528117 
1.529277 
1.493826 
1.527576 
1.538379 
1.542550 
1.531992 
1.529780 
1.523877 
1.527085 
1.534156 
1.524953 
1.521590 
1.525122 
1.520163 
1.522618 
1.525909 
1.565382 
1.516519 
1.515973 
1.521814 
1.508425 
1.512543 
1.517013 
1.521323 
1.525701 
1.551506 
1.518418 
1.523795 
1.432074 
1.515404 
1.536256 
1.517576 
1.485520 
1.538176 
1.514863 
1.527715 
1.509183 
1.514812 
1.520422 
1.519788 
1.512182 
1.514287 
1.512891 
1.513429 
1.495074 
1.515238 
1.542901 
1.516649 
1.501338 
1.511012 
1.537578 
1.525943 
1.519294 
1.514367 
1.475552 
1.504934 
1.514529 
1.510831 
1.490937 
1.502595 
1.496043 
1.501542 
0.382738 
1.507578 
1.506987 
1.482866 
1.521497 
1.521160 
1.517730 
1.522040 
1.503655 
1.502277 
1.488686 
1.492041 
1.495895 
1.492419 
1.476679 
1.510963 
1.494952 
1.496500 
1.528332 
1.494219 
1.509728 
1.499934 
1.485115 
1.522558 
1.497959 
1.503251 
1.469926 
1.480749 
1.493712 
0.523188 
1.482406 
1.539261 
1.485957 
1.494572 
1.490492 
1.550372 
1.494045 
1.503938 
1.484103 
1.423863 
1.501774 
1.491226 
1.491846 
1.476172 
1.520741 
1.469247 
1.471367 
1.487329 
1.482592 
1.485682 
1.501874 
1.480056 
1.450797 
1.514178 
1.497658 
-1.563052 
1.401619 
1.484939 
1.506267 
1.484714 
1.473200 
1.531586 
1.399449 
1.552371 
1.458560 
1.487611 
1.386804 
1.477806 
1.464427 
1.489995 
1.490055 
1.467631 
1.513896 
1.330269 
1.451921 
-1.510460 
1.471945 
1.456324 
0.768155 
1.404277 
1.488968 
1.426587 
-0.263544 
1.474766 
1.472075 
1.481189 
1.503164 
1.345610 
1.558560 
1.519736 
1.440932 
1.177819 
1.272704 
1.483836 
1.564198 
1.359641 
1.471721 
1.433369 
1.485735 
1.473434 
1.453550 
1.485204 
1.432238 
1.452555 
-1.300127 
1.167259 
1.400554 
1.442619 
1.452517 
1.521376 
1.452798 
1.475979 
1.536125 
-1.540793 
1.482194 
1.436638 
1.325606 
1.447968 
1.473152 
1.463858 
-1.387450 
1.481175 
1.419353 
1.463561 
1.560880 
1.443697 
1.478046 
1.514426 
1.484230 
1.318687 
-1.410118 
-1.543504 
1.447957 
1.354989 
1.440110 
1.489688 
-0.500942 
1.117457 
1.430770 
1.456084 
1.460619 
1.200808 
1.524840 
1.392359 
1.443567 
1.446309 
1.456669 
1.484504 
1.469444 
1.499042 
1.387515 
1.196870 
-1.262914 
1.292299 
1.451489 
1.409666 
1.424422 
1.472758 
1.444310 
1.449734 
1.246926 
1.417517 
1.443371 
-1.421791 
1.443372 
1.493610 
1.466415 
1.066981 
1.447979 
1.542635 
1.428706 
1.474354 
-1.514210 
1.423715 
1.447802 
1.499767 
1.533501 
1.059772 
1.414956 
1.378195 
1.445371 
1.413304 
1.411597 
1.447415 
1.341546 
1.542249 
-1.178664 
1.417207 
1.489808 
1.446792 
1.464908 
-1.342629 
1.390883 
1.464767 
1.468766 
1.484969 
1.336246 
1.386076 
1.411356 
1.377002 
1.391122 
1.450105 
1.472021 
1.428189 
1.531233 
1.360198 
-1.449960 
1.464184 
1.463528 
1.323674 
1.393291 
1.436421 
1.550933 
1.387666 
1.568619 
1.416727 
1.425355 
1.299291 
-1.526872 
1.435496 
1.442540 
0.708009 
1.418743 
1.432751 
1.422300 
1.535157 
1.397572 
1.389409 
1.458802 
-0.260521 
1.450171 
1.511195 
1.398629 
1.402167 
1.198135 
1.348818 
1.424956 
1.414355 
1.380780 
1.368410 
1.365272 
1.539522 
1.441117 
1.386128 
1.421592 
1.427256 
1.435577 
1.533892 
-1.333641 
1.430192 
1.425967 
1.165379 
0.972654 
1.414548 
1.343057 
1.436870 
1.445453 
1.395982 
1.299364 
1.427971 
-1.378870 
1.455871 
0.451195 
1.455532 
1.386738 
1.424755 
1.369376 
1.476029 
0.442152 
1.284016 
1.020589 
1.543614 
1.403450 
-1.313074 
1.476082 
0.501162 
1.256030 
0.448383 
1.424262 
1.266232 
1.392435 
1.444372 
1.407462 
1.420184 
1.411650 
1.431731 
1.372903 
1.429508 
1.474975 
1.382477 
1.454730 
1.425176 
1.453154 
1.340725 
1.373007 
1.445727 
1.381594 
1.412492 
1.362099 
1.409336 
1.431441 
1.351681 
1.389516 
1.375737 
1.541222 
1.345231 
-0.516828 
1.411400 
1.283712 
1.470795 
1.388924 
1.376069 
1.245070 
0.787046 
1.351263 
1.422178 
-1.465941 
-1.569732 
1.447278 
1.367422 
1.456458 
1.504228 
1.425276 
1.141338 
1.332628 
1.418992 
1.405590 
-1.466837 
1.258185 
1.390357 
0.985355 
1.425977 
1.358132 
1.436070 
1.401101 
1.051401 
1.436122 
1.493638 
-1.521207 
1.354907 
1.475869 
1.417244 
1.382877 
0.860103 
1.454660 
1.360889 
1.231120 
-1.554874 
-0.042949 
1.391836 
1.365517 
1.222440 
1.368774 
1.317246 
-1.210698 
1.323363 
1.210313 
1.399978 
1.040380 
1.117476 
1.379767 
0.762238 
1.365373 
1.195625 
1.348004 
-1.340206 
1.478048 
-1.127217 
1.198439 
-1.154914 
1.362996 
1.184119 
1.426260 
1.375749 
1.189643 
1.162727 
1.032505 
1.518600 
1.403166 
0.590460 
1.326849 
-0.741563 
1.404029 
1.422915 
0.857108 
1.336202 
1.432919 
1.369393 
1.501219 
1.370793 
-0.794177 
1.232628 
1.414694 
-1.283412 
1.196741 
1.243510 
1.365201 
1.325980 
1.364256 
1.432495 
1.496676 
1.366516 
1.365208 
1.448460 
1.401733 
-1.536847 
1.359439 
1.136533 
1.069863 
1.338097 
1.354668 
1.507220 
0.674666 
1.374223 
1.335459 
1.149645 
1.028667 
1.331280 
-1.397394 
1.510802 
0.528345 
1.298004 
1.483235 
0.423055 
1.281658 
1.212101 
1.431615 
1.421307 
-1.338585 
-1.540631 
1.349841 
1.268813 
1.450538 
1.194553 
0.307432 
-1.517363 
0.395091 
1.151522 
1.503632 
1.492065 
1.317720 
1.390368 
1.244616 
1.263847 
1.070787 
1.353914 
1.283206 
1.453602 
-1.294037 
-0.836476 
1.214329 
1.424490 
1.361014 
1.376536 
-1.526170 
0.991253 
1.334894 
1.426587 
1.137110 
1.351398 
0.282331 
1.366437 
1.247912 
1.566320 
1.438775 
0.668165 
1.300568 
-1.087349 
1.209611 
1.258114 
-1.242671 
1.559722 
1.145554 
0.886078 
1.374458 
1.355616 
1.445176 
0.858193 
1.351348 
-1.496251 
1.139532 
1.388907 
1.124787 
0.601053 
0.976838 
1.301981 
0.727900 
1.347296 
1.461698 
1.372681 
-0.404839 
1.153236 
-0.864129 
1.385333 
1.239146 
1.114947 
1.544317 
0.677983 
1.367985 
1.439907 
1.496937 
1.499983 
-1.420318 
1.444275 
1.361549 
1.184806 
0.806628 
1.049612 
1.503058 
-1.501170 
1.298798 
1.306695 
1.184698 
1.079428 
0.388722 
1.469508 
1.397922 
1.376173 
1.089367 
1.348426 
-1.088688 
1.392110 
-0.000117 
1.238619 
1.219381 
0.437580 
-0.360835 
1.416882 
1.420824 
1.279458 
1.338480 
1.438816 
0.756094 
1.135222 
1.285480 
1.384232 
1.270857 
1.248662 
1.447131 
1.294017 
-1.500423 
1.256749 
1.364795 
1.262915 
-1.536286 
0.487781 
1.173944 
1.302335 
0.960408 
1.058980 
1.308838 
-0.328747 
1.310933 
1.247649 
0.499351 
1.458251 
1.210714 
-0.723902 
1.543208 
1.277281 
1.268310 
1.513256 
1.466294 
1.413802 
1.052476 
1.289994 
1.404087 
1.238872 
1.531675 
1.443816 
1.457744 
1.283459 
-1.024315 
1.104799 
0.619057 
1.254245 
1.368816 
1.009163 
-1.556875 
0.964350 
1.470995 
1.286714 
1.370862 
1.434307 
1.310119 
0.746319 
1.188660 
1.377468 
-1.555125 
1.369706 
0.352972 
1.363580 
0.694646 
1.366434 
1.334107 
1.385474 
1.468052 
1.360501 
1.386761 
1.210525 
1.185126 
-1.531221 
1.362238 
1.191729 
0.962945 
1.386838 
1.132347 
-1.382055 
1.148813 
1.093033 
-0.463716 
1.298322 
-1.479026 
1.250573 
-1.009914 
1.309483 
1.158309 
1.365290 
-0.051984 
1.111597 
1.152076 
1.538068 
1.367703 
1.147055 
1.327704 
1.067147 
1.430931 
-1.300387 
-0.419448 
1.391180 
-0.462444 
1.306426 
1.495250 
1.342091 
1.246819 
1.126770 
1.234597 
-0.104442 
1.297153 
1.520807 
1.265335 
-0.956613 
1.176452 
1.143256 
-1.174293 
-1.550069 
1.163302 
1.534783 
1.374019 
-1.549524 
0.914595 
1.345897 
1.170022 
1.357078 
1.026551 
-1.173670 
1.361658 
-1.127530 
1.062788 
-1.223511 
-0.063255 
1.115533 
0.652050 
1.102837 
1.233659 
1.156881 
1.357180 
-1.384058 
0.963887 
1.361895 
1.279747 
0.918099 
-0.669716 
-0.070880 
1.536263 
1.126682 
1.042007 
0.844700 
-1.101663 
-0.949465 
0.944329 
1.120789 
0.123600 
-1.164459 
1.545653 
-0.115086 
1.230127 
-1.439674 
0.245324 
0.935967 
-1.381780 
0.488135 
1.422482 
1.333998 
-0.503517 
-0.700773 
1.531363 
1.380416 
-0.624316 
1.179769 
1.405449 
0.738407 
1.342348 
0.999029 
-1.295996 
0.435846 
-0.671216 
1.071623 
1.077874 
1.346519 
0.945836 
1.231839 
-1.141174 
0.198364 
0.928139 
1.332502 
1.346622 
1.477852 
-0.999921 
1.265645 
-1.254343 
-1.418399 
1.358145 
-0.859518 
1.536073 
0.434156 
1.004332 
1.383421 
1.184515 
0.712150 
1.009470 
-0.673168 
0.946960 
-1.409935 
-1.567143 
-1.523284 
-1.113702 
1.241604 
1.111631 
0.250322 
1.228126 
1.263655 
-0.592792 
1.226236 
1.128272 
-1.467660 
0.889339 
1.376584 
0.896920 
1.370515 
1.131010 
1.180132 
1.384809 
0.532796 
1.390224 
1.449932 
-1.357340 
-1.035071 
1.391312 
0.777969 
1.434643 
1.354067 
1.351128 
-0.817949 
0.984785 
1.364229 
1.007308 
-1.564871 
-1.503744 
0.932039 
0.641307 
-1.568322 
-0.013861 
-0.795071 
1.043834 
1.208723 
-1.202040 
-0.298580 
1.531639 
1.203505 
0.327839 
1.457686 
1.198162 
0.619331 
0.875315 
1.279213 
1.169277 
1.162186 
0.114475 
1.059333 
0.982653 
0.235452 
1.041678 
1.259790 
1.431641 
1.028519 
-1.462998 
1.169066 
0.914095 
1.457143 
1.003116 
0.078852 
1.133470 
1.324759 
1.059190 
0.756374 
1.256929 
1.308957 
1.077519 
1.047379 
-1.165444 
1.508916 
1.125517 
0.978750 
1.232321 
1.372313 
1.167040 
-0.068842 
1.295318 
1.528932 
0.812377 
-1.477401 
-1.059466 
-1.348070 
1.507909 
1.177097 
-0.870757 
-0.551150 
1.366272 
0.913200 
-1.115357 
-1.486821 
1.210394 
1.336348 
1.077207 
1.403077 
0.750487 
0.606444 
1.220421 
0.031231 
-1.471693 
1.213250 
0.985523 
0.877305 
0.626653 
1.112464 
1.154497 
0.274099 
0.882297 
1.320108 
-0.019801 
1.304633 
-1.344532 
-1.274106 
0.683573 
1.229546 
0.757106 
-1.483583 
1.067734 
1.068278 
1.497306 
0.751150 
1.352184 
-0.959350 
1.101144 
-0.415061 
0.747790 
0.871241 
1.537632 
1.422922 
-0.976747 
1.551220 
0.166262 
-1.253345 
-1.406258 
1.473253 
0.076171 
-1.346710 
1.111715 
1.030190 
0.870673 
1.540713 
0.927253 
1.034437 
1.196633 
1.178461 
1.499568 
1.199650 
-1.067574 
0.657845 
-1.355776 
-0.213437 
1.405802 
-0.895808 
1.148680 
1.293003 
-1.536299 
0.127607 
1.458208 
1.313479 
-0.035086 
1.304029 
0.809809 
1.225527 
-0.492558 
1.253304 
-1.525174 
1.144793 
1.350833 
1.257721 
1.568539 
1.548972 
-1.145915 
1.072547 
-1.470998 
-0.428753 
0.898066 
0.804196 
0.854748 
0.657061 
0.439335 
1.161666 
1.484099 
1.050655 
1.234217 
1.396690 
-0.902688 
0.693925 
-1.375475 
-0.684201 
0.740128 
0.593368 
1.359699 
1.036167 
1.257643 
1.042206 
-1.503973 
1.394380 
1.355710 
1.152906 
1.045622 
1.478440 
1.182000 
1.167364 
0.914663 
0.241050 
0.389326 
1.190904 
1.537718 
1.082092 
1.045218 
0.508609 
-1.101566 
1.433757 
1.212614 
-1.238951 
1.072279 
-0.697228 
0.801329 
1.148076 
0.933252 
0.609730 
0.738254 
-1.132737 
-1.410356 
1.081126 
1.228461 
1.352289 
0.072755 
0.429599 
1.153868 
-1.421652 
1.525554 
-0.201319 
0.571611 
0.210087 
1.328095 
-1.560692 
1.440364 
1.161078 
0.132194 
-0.048030 
-1.294882 
1.153081 
1.246839 
1.431997 
0.114060 
0.907374 
1.128801 
1.257179 
-1.548595 
-0.475535 
-0.972058 
0.261414 
1.163596 
1.344733 
-1.206182 
-0.942799 
-1.549655 
1.224474 
-0.726457 
-1.318645 
0.588786 
0.450755 
1.090904 
0.185820 
0.501403 
0.907247 
-0.058424 
1.492711 
0.648134 
1.123873 
1.173215 
-0.962636 
1.496695 
0.919201 
1.048714 
-1.204024 
0.257390 
0.838990 
0.242542 
1.428388 
-1.205777 
-1.007206 
-0.390733 
1.498631 
1.299912 
1.245784 
1.194431 
1.488790 
1.195145 
-1.195717 
0.905401 
-1.508435 
1.058878 
1.534675 
0.404663 
1.557154 
1.114366 
-0.844135 
0.641955 
1.212755 
-0.395938 
-1.071563 
-1.383664 
1.172284 
0.852042 
-1.510405 
1.379803 
0.567407 
1.241051 
1.251967 
-1.323717 
-0.932086 
0.584223 
1.301786 
0.085248 
1.075261 
0.601369 
0.809597 
1.404676 
0.598021 
1.150666 
0.422550 
0.913946 
0.782512 
0.983467 
1.540397 
-0.526284 
-1.173454 
-0.119497 
1.124484 
0.540675 
0.816154 
1.497141 
0.419160 
1.199900 
1.144801 
-1.421256 
-1.478189 
1.298224 
-1.551180 
-0.892507 
0.968587 
-0.355487 
-1.179379 
-1.552362 
1.110031 
-1.024602 
1.347596 
1.296604 
0.808379 
1.387358 
1.163225 
-1.138098 
1.418299 
0.678045 
-0.136517 
1.409057 
-1.414833 
0.810415 
0.548682 
-1.006992 
-1.012762 
1.393417 
1.222465 
-0.399366 
1.251202 
1.133518 
1.000621 
1.098129 
0.770542 
-1.344342 
-1.435564 
-0.364533 
1.097208 
-1.478760 
-0.629348 
-0.286047 
1.162850 
0.977937 
1.433035 
-0.512168 
0.699799 
1.360369 
1.064056 
-1.368365 
1.067918 
-1.418872 
0.999948 
-0.704346 
1.065920 
-0.445497 
1.505006 
0.921756 
1.298501 
0.483423 
1.290728 
-0.324890 
-0.815573 
0.970084 
1.052518 
1.252864 
1.015054 
0.731512 
-1.309825 
1.095020 
-1.546236 
1.243085 
0.662928 
-0.304449 
0.684724 
0.614952 
-0.122851 
1.172328 
1.063826 
-1.381311 
1.446478 
-0.377637 
-0.797003 
0.994621 
1.388689 
-0.953765 
1.006405 
-0.350862 
0.400856 
0.363852 
-0.680045 
0.925272 
-1.444895 
1.051734 
-1.474804 
0.693772 
-1.335182 
1.064264 
1.140565 
-1.120621 
1.329714 
0.680639 
0.896903 
-1.428966 
1.375601 
0.635687 
1.259576 
1.190723 
0.373597 
-0.302206 
-0.801402 
1.060358 
1.095141 
-1.074544 
-0.593920 
-1.147428 
1.365815 
0.841395 
1.085259 
-0.699555 
0.614724 
-1.405887 
-1.058301 
-0.892889 
1.041938 
-0.893315 
0.998746 
0.438436 
1.397267 
1.260516 
1.125624 
1.235901 
-1.299165 
0.581671 
1.497550 
-1.398805 
1.187364 
-1.077694 
0.811007 
0.489325 
1.304388 
1.357252 
1.413814 
0.787356 
1.207019 
1.376371 
0.836101 
-0.812128 
0.880272 
-0.031820 
1.292210 
1.057712 
0.317790 
0.919023 
1.518831 
-0.230478 
0.537376 
0.381499 
0.796108 
-1.521735 
-1.231281 
0.447145 
1.113151 
0.985988 
1.117152 
1.456575 
1.393697 
1.504776 
0.947318 
-0.252711 
0.032653 
0.902003 
-0.966892 
0.506202 
-1.542020 
-0.575864 
-1.144575 
-0.195709 
1.343718 
1.471940 
1.300363 
0.940966 
0.877147 
1.005618 
1.330453 
0.883612 
-1.059234 
1.313414 
0.818169 
-0.283163 
0.658499 
-1.144787 
0.047340 
0.717305 
0.796769 
0.943888 
0.546194 
-0.025356 
-0.745931 
-1.404096 
-1.286134 
-0.642872 
-0.014148 
-1.434698 
-0.133561 
1.097103 
-1.099778 
1.541902 
0.116270 
0.688044 
0.871270 
1.546202 
-0.172251 
-0.565972 
-1.378724 
0.581010 
0.816100 
0.438432 
0.746755 
-0.514654 
-1.313978 
0.754076 
-1.044684 
1.223034 
1.349451 
0.673569 
0.921961 
1.314421 
-0.295918 
0.276983 
-0.964278 
-0.228204 
0.905555 
-0.528329 
0.539722 
1.274902 
-1.558019 
-0.949537 
0.495190 
-1.121918 
0.898780 
-1.443269 
1.460616 
0.907018 
1.452815 
-0.027889 
1.269235 
1.340277 
1.218333 
1.343639 
-1.355941 
0.436494 
1.034674 
0.314876 
1.543300 
0.050899 
-0.207850 
1.198250 
1.523349 
-1.364806 
0.983993 
-0.368308 
-0.001586 
0.626773 
1.486679 
0.082599 
-1.419486 
1.286175 
-1.006918 
1.075440 
1.560116 
0.756824 
0.194950 
1.468180 
1.408363 
1.198079 
-0.031691 
-0.830421 
0.586507 
0.175648 
-0.811892 
1.421747 
0.973416 
1.381726 
1.141499 
1.402118 
-1.095137 
1.018941 
0.693776 
0.714979 
1.350052 
-0.298770 
1.444408 
-1.219196 
0.193477 
-0.122483 
0.212323 
0.347258 
0.184279 
1.390006 
1.363196 
1.119273 
1.105651 
0.979183 
0.461398 
-1.262937 
-0.289774 
1.338165 
1.543216 
-1.226231 
-0.878222 
-1.354589 
1.445016 
-0.611561 
1.278623 
-1.148414 
0.199651 
1.322826 
1.082101 
-0.287359 
0.839451 
-1.309563 
1.441068 
0.904636 
1.260265 
-0.792258 
1.126054 
1.315580 
-1.149042 
-0.825938 
-1.271744 
1.137194 
0.415294 
0.656858 
0.368295 
0.240672 
1.463500 
1.346454 
0.711062 
0.484927 
0.968594 
-0.658984 
0.065236 
-1.197061 
0.792241 
-0.969800 
-1.333067 
-1.234616 
0.569472 
-1.540522 
-0.839181 
1.398022 
-0.954387 
1.308814 
1.499919 
0.783753 
-1.247896 
1.560150 
-1.491356 
0.596718 
0.775394 
-1.012991 
-1.094535 
1.075757 
-0.331568 
0.898028 
-0.342975 
1.570292 
-1.273811 
1.394707 
0.155769 
0.722592 
-0.434326 
-1.231216 
-0.803126 
-1.527467 
0.256211 
-1.028975 
-1.206436 
-1.329075 
0.111000 
1.156621 
-0.247321 
0.499935 
-0.680237 
-0.445746 
1.469276 
-0.073742 
1.036974 
-0.103129 
-1.137147 
-0.347241 
-0.241082 
-1.462661 
0.464810 
1.502818 
0.768136 
0.868450 
-1.340157 
0.670706 
0.958814 
-1.145680 
-0.141024 
0.421346 
1.252405 
0.883171 
-0.813036 
-0.118537 
1.157459 
0.077612 
0.000414 
1.128186 
1.407606 
-0.133361 
-1.088873 
-0.767889 
1.388337 
-1.167077 
-1.099179 
0.168737 
0.445667 
-1.488596 
-0.221451 
1.394892 
0.201937 
1.209352 
0.215495 
1.171755 
1.485781 
-1.568082 
-0.663870 
0.487601 
0.842775 
0.934152 
1.257978 
0.714924 
-1.216122 
-1.020471 
-1.451890 
-1.143764 
-1.450714 
0.495214 
0.732240 
0.737503 
1.556157 
1.149291 
0.535360 
-0.435741 
0.756728 
-0.293431 
-0.877270 
0.150344 
0.212164 
1.344525 
1.260970 
-0.945584 
0.371896 
-0.826378 
0.283484 
0.188212 
-1.559286 
0.502369 
-1.522977 
-0.345889 
-0.208078 
-0.492279 
-0.485417 
-0.830242 
1.132719 
-0.803806 
-1.315133 
1.004644 
-0.524090 
1.145722 
1.098437 
1.233371 
1.127108 
1.285859 
0.050115 
1.368690 
0.286647 
-1.288718 
1.001281 
0.635277 
1.003003 
0.859662 
0.787277 
1.134750 
1.563719 
0.102783 
-0.768777 
-0.704375 
0.055939 
1.324939 
1.462479 
0.708102 
-1.412680 
1.194736 
-1.062843 
1.087544 
-0.446094 
1.063910 
0.657743 
-1.312995 
0.788440 
-0.671386 
-1.481959 
0.362970 
-0.204771 
0.522649 
1.064241 
-0.207959 
1.316164 
-1.115025 
-0.215020 
1.422053 
0.182872 
0.478503 
1.406710 
1.418073 
0.854939 
0.847421 
0.213193 
-0.799138 
1.500392 
-0.883042 
-1.345027 
0.812290 
1.440462 
1.201650 
0.540747 
0.464986 
0.555790 
-1.416294 
0.899728 
1.028556 
0.330759 
-1.355570 
-0.104577 
1.056565 
0.802896 
0.999528 
0.173057 
-0.227089 
0.333854 
-1.553384 
-0.130785 
0.273269 
-0.473052 
0.618596 
-0.031856 
-1.186150 
-1.500229 
0.738606 
-0.563076 
0.303723 
0.465777 
-0.990488 
0.367431 
-1.044937 
-0.881208 
-0.067605 
0.035503 
0.772716 
1.523647 
0.254514 
0.687115 
0.767277 
1.337785 
1.443491 
1.393435 
1.174220 
0.855963 
-0.019594 
0.102358 
0.056136 
-0.488621 
0.921105 
1.222607 
1.476217 
-0.866689 
0.602397 
-1.517478 
1.070868 
-0.765071 
-1.092174 
-0.250867 
1.100868 
0.992502 
1.400546 
-0.620198 
0.962836 
-0.218226 
0.449427 
-1.034814 
-1.415165 
0.850739 
-0.721622 
1.468315 
-1.399074 
0.636911 
-1.331700 
-0.902092 
0.643274 
0.216306 
-0.467072 
1.474542 
-1.346248 
0.701251 
-0.160958 
1.393117 
-1.461076 
-1.236695 
1.055534 
0.922340 
-1.380866 
1.528231 
-1.150095 
0.185693 
1.505790 
0.903417 
-0.905216 
-1.031631 
0.023260 
-0.994385 
-1.352491 
1.175753 
1.054446 
1.338205 
0.152773 
-0.858078 
0.551747 
-0.176856 
-0.048186 
0.187846 
-0.424345 
-0.123210 
0.816377 
-0.978222 
-0.835178 
-0.835647 
-0.500127 
-1.074860 
-1.243799 
0.721779 
-1.236095 
-0.803003 
0.225455 
-0.377971 
0.834647 
-1.074758 
0.692731 
-1.245129 
-1.471847 
0.571548 
0.511971 
-1.333672 
0.906335 
-1.540787 
-0.867439 
0.393954 
1.320072 
-0.483428 
-1.278129 
-0.487825 
1.144558 
-0.658467 
0.461333 
1.222001 
0.762285 
-1.460168 
-1.249819 
-0.238625 
0.237169 
-0.862256 
-0.097148 
0.549530 
-0.198817 
-0.777681 
-1.346274 
-0.842466 
-1.558876 
0.030702 
-0.669983 
-0.002900 
-0.274288 
-0.657156 
-1.067182 
-0.553801 
1.050631 
1.207183 
-0.547272 
0.156425 
-0.767649 
-0.250828 
0.041977 
-0.979639 
-1.460895 
-1.368453 
-0.085148 
-1.350547 
-0.884184 
-0.190549 
-0.184073 
0.542107 
0.942714 
0.737432 
1.006509 
-1.258287 
-0.756086 
-0.814141 
-1.250409 
-1.441650 
0.295646 
0.739841 
1.134621 
1.537167 
0.270280 
0.575716 
-0.954725 
0.741602 
-0.551886 
-0.593363 
0.831146 
-0.321817 
-1.520919 
-1.471105 
-0.713914 
1.352578 
1.306945 
-0.658854 
-0.712709 
0.040136 
-1.110551 
0.954238 
0.991703 
0.646742 
0.137028 
1.236550 
-0.176509 
1.334127 
0.284391 
0.280418 
-0.578029 
-1.031019 
-0.013392 
-0.553988 
-0.617858 
-0.122999 
-1.522823 
-1.143638 
0.053613 
-0.873967 
-0.196011 
0.771253 
-1.285603 
1.070370 
0.195895 
-0.146583 
0.230704 
0.395589 
-0.623341 
-0.877938 
0.074517 
-1.364322 
0.515057 
-0.229303 
1.129052 
-1.158068 
-0.151290 
-1.127345 
0.954040 
0.204746 
0.705854 
-1.123416 
1.188078 
-0.761148 
-0.976407 
-1.563540 
0.544836 
-0.737280 
1.502501 
0.384631 
-0.349677 
-0.574379 
0.305146 
-0.092398 
-0.317648 
-0.585682 
0.630189 
-1.422111 
0.483372 
0.020444 
0.496431 
-0.348237 
0.968974 
0.152938 
-0.024296 
-0.911250 
-0.335647 
-0.362440 
1.374322 
-0.326492 
0.780042 
1.056033 
0.328143 
0.823713 
0.974527 
-0.546449 
-0.640609 
-1.068874 
1.255188 
-0.504383 
-1.061786 
0.982976 
1.541396 
-0.513659 
-0.939605 
-0.682297 
-0.959525 
0.766166 
0.008732 
-0.609945 
1.159660 
-0.535536 
-0.985516 
-0.377719 
0.059955 
-0.447747 
-0.665504 
0.337676 
1.119883 
1.511147 
-0.887111 
-1.455987 
1.453942 
0.833657 
0.548202 
1.505518 
-0.266732 
0.872706 
0.623541 
-0.526038 
-0.371521 
-0.211483 
-0.760112 
-0.646659 
-0.489649 
-0.940477 
-1.030971 
-0.062469 
-0.054472 
-1.557456 
0.231808 
-0.912122 
1.562448 
0.928420 
-0.211558 
-0.096194 
-0.735046 
-0.999971 
-0.626074 
0.160729 
1.254786 
-0.163988 
0.377774 
-1.130939 
1.233801 
-0.355543 
1.438689 
-0.444573 
-0.590849 
0.691871 
0.230232 
-0.787482 
-0.490158 
0.116318 
1.324146 
-1.083091 
-0.441591 
-1.197014 
0.908612 
0.612435 
-0.968188 
-0.706062 
0.060421 
0.244006 
0.902244 
0.665197 
0.565865 
-0.255839 
-1.548123 
0.892089 
0.208458 
-0.187459 
1.111619 
-0.008579 
1.361504 
-0.933915 
0.511329 
1.406056 
0.685265 
1.313855 
0.733470 
1.255363 
0.070527 
-1.176989 
1.365271 
0.044936 
-0.830406 
0.858593 
0.328176 
1.182575 
-1.446475 
-1.199780 
0.104252 
0.462221 
-0.775016 
-0.783545 
-0.049388 
0.362867 
0.238416 
0.195371 
-0.998092 
-0.627368 
-0.618415 
-0.581528 
0.159920 
0.150753 
0.027208 
0.847356 
-1.100750 
0.219025 
1.237866 
-1.017068 
-1.360919 
0.688295 
-0.392507 
-0.205451 
0.000721 
0.170691 
-1.457535 
0.396632 
0.963999 
-1.368358 
0.547600 
0.308936 
1.274711 
-0.517913 
0.121278 
-0.284329 
-0.237572 
-0.213662 
-0.236168 
0.555720 
-0.452474 
0.821175 
-1.387586 
0.329975 
-0.507521 
0.089761 
0.000733 
-1.408187 
-0.398591 
-0.513690 
-0.848912 
-1.447181 
-0.631800 
-0.234962 
-1.352466 
-0.873921 
-0.625297 
-1.453041 
-1.435489 
-0.097288 
0.043178 
0.398150 
1.051926 
1.053166 
0.321511 
0.119009 
0.151820 
-0.321164 
-0.891920 
-0.997057 
1.243649 
1.238913 
0.881913 
0.601014 
0.154485 
-0.302928 
0.708099 
0.907246 
-0.495977 
1.330450 
-0.148486 
0.241993 
-1.054685 
-0.419477 
-0.215033 
0.100619 
-1.096354 
-0.814840 
-0.807192 
0.325776 
-0.507441 
-0.669327 
-0.840599 
-0.585733 
-1.407532 
-1.553798 
0.027221 
1.279968 
0.853400 
0.372438 
-0.259839 
0.943700 
0.220447 
-1.297162 
-1.220482 
-0.379421 
1.569404 
-0.682577 
-1.322576 
0.552683 
0.461826 
-0.349553 
-0.806803 
-0.612794 
-1.148873 
-0.299760 
-0.416617 
-0.107396 
0.606807 
-0.571165 
-0.207482 
1.479566 
0.684494 
1.312647 
0.012445 
-0.429352 
0.010486 
0.920747 
-0.901327 
-0.120159 
-1.400373 
1.476163 
-0.914131 
-0.839716 
-1.079838 
1.230523 
-0.756327 
1.232254 
-0.856048 
-0.401561 
-0.275085 
-0.388861 
-0.786304 
-1.290953 
-0.638248 
0.211346 
-1.384174 
-0.077669 
-1.119593 
-0.862657 
-1.377492 
-0.640377 
-0.018947 
-1.490222 
-0.651821 
-1.439784 
0.073206 
-0.531795 
-0.543094 
-0.745363 
1.519878 
-0.098751 
1.224795 
-0.899938 
0.600265 
0.815885 
0.347350 
-0.720721 
-0.991344 
1.356958 
0.156154 
-1.286355 
0.364925 
-0.648640 
-0.822371 
-1.142746 
0.679160 
0.071961 
0.691105 
-0.452957 
0.866234 
-1.054763 
0.771116 
-0.365122 
-0.723932 
0.720415 
-0.553055 
0.249059 
0.139331 
-0.544518 
-0.457405 
-0.643591 
-0.131866 
-1.526951 
-0.813302 
-0.219888 
0.276749 
0.791921 
-0.102642 
0.230230 
0.931006 
-1.102167 
-0.818120 
-0.938670 
1.310598 
0.171983 
-0.952906 
-0.291197 
-0.985364 
-0.967958 
0.965686 
0.507607 
-0.422106 
-0.048213 
-0.265073 
-1.291479 
-0.743014 
-1.294968 
-0.287260 
1.084331 
0.469298 
-0.152065 
-0.456563 
-0.786793 
0.935291 
0.355574 
-0.121275 
-0.218687 
-1.549787 
1.350480 
-0.194794 
-0.100934 
0.900113 
-1.070560 
0.372180 
-0.353972 
-1.438599 
0.957479 
-0.316435 
-0.064098 
0.007394 
0.090740 
0.180090 
-1.468145 
-0.050804 
-0.618577 
0.087506 
-0.323921 
-0.721750 
-0.751068 
-0.013014 
-0.281639 
-1.301736 
-0.661256 
0.304186 
-0.725504 
0.069008 
0.538513 
0.630314 
0.649109 
-0.477029 
-0.288235 
0.290435 
-1.550458 
-0.531015 
1.409388 
0.110834 
0.971829 
-0.775479 
-1.344228 
0.948548 
-1.096606 
-0.573815 
0.713219 
-0.275127 
-0.052989 
-0.432932 
-0.392237 
0.366803 
-0.797307 
0.101874 
-0.421990 
1.269370 
0.010620 
0.130767 
-0.605911 
0.019196 
0.398062 
1.218016 
-0.048338 
0.588049 
1.015122 
-0.379056 
-0.837737 
-0.855604 
1.058119 
-0.780171 
-0.081155 
-0.802278 
0.457471 
0.738324 
1.565072 
-1.498555 
-0.527102 
0.638036 
0.170121 
-1.539474 
1.411438 
0.612277 
-0.599799 
-0.892397 
0.740116 
-0.233620 
-1.020783 
0.092725 
0.308354 
-0.230009 
0.695292 
0.408763 
-0.544313 
-0.436173 
-0.527917 
-0.069256 
0.130332 
-0.301410 
-0.190979 
-0.568767 
-0.335483 
-0.440342 
0.186723 
0.253574 
0.249041 
0.317382 
1.525320 
-1.023709 
-0.738291 
-0.741048 
1.128752 
0.857960 
1.042885 
1.385129 
-0.417669 
-0.138590 
-0.486841 
-0.844341 
-0.663431 
0.538580 
-0.331085 
-1.032715 
-0.153144 
-0.309212 
-0.456009 
0.047238 
1.390545 
-0.744027 
-0.647106 
-0.077628 
1.368957 
-0.095834 
0.382066 
-0.441412 
-0.728643 
1.270424 
-0.281378 
-0.846598 
0.950187 
0.086641 
-1.209206 
-0.295226 
-0.312147 
1.182510 
-0.326785 
-0.654306 
0.019386 
-0.537957 
-0.510135 
-0.297688 
1.378007 
-0.848742 
-0.802380 
0.535835 
-1.490337 
0.212633 
-1.010535 
1.106580 
-1.489571 
1.339071 
-0.380622 
-1.433711 
0.074300 
-0.084022 
-1.419055 
0.264899 
-0.261259 
-1.081115 
0.277851 
-0.023445 
-0.874435 
1.129059 
-0.373455 
-0.579719 
0.298646 
-0.515269 
1.409592 
1.483512 
-0.196339 
-0.503594 
-0.690340 
-0.383247 
1.463996 
-0.108752 
0.146977 
-0.245143 
-0.554455 
0.822142 
-0.678858 
-0.824891 
0.374097 
-0.632766 
0.798188 
0.493818 
0.432914 
0.066658 
1.464313 
-1.506657 
0.084037 
-0.077945 
1.342927 
0.925381 
-0.804439 
1.361260 
-0.693096 
0.907210 
0.106547 
0.250683 
-0.701572 
-0.817719 
-0.995537 
0.418280 
-0.603509 
-0.478482 
-0.725416 
0.404891 
-0.455223 
0.736995 
-0.317748 
0.464662 
-0.621499 
1.259016 
-0.036754 
0.095810 
-0.085987 
-0.417407 
0.214988 
-0.037163 
-0.164316 
-1.554261 
-0.687725 
-1.143172 
-1.190742 
-0.431753 
0.174608 
-0.986366 
-0.815985 
0.393952 
-0.494470 
-0.170026 
-0.677815 
0.176232 
-0.936566 
-0.129809 
-1.459507 
-0.706844 
0.429725 
-0.489730 
-0.074023 
-0.306305 
0.630236 
-0.507768 
-0.534135 
-0.101559 
0.928470 
-1.303693 
-0.638538 
0.098920 
0.206420 
0.152184 
-0.786300 
-0.276119 
-0.180358 
-0.849581 
-0.668159 
0.427898 
-0.430780 
-0.715187 
-0.350042 
1.252698 
-0.106861 
-0.193448 
1.273378 
-0.669127 
-0.349821 
-0.317879 
-0.453960 
0.208633 
-0.743058 
1.103530 
0.217031 
-0.750482 
0.635762 
0.958925 
-0.168544 
-0.644455 
-0.230202 
-0.979562 
0.661051 
-0.913445 
-0.887310 
-0.505720 
0.560134 
0.544737 
1.479354 
-0.712017 
-0.548935 
-0.134436 
0.272001 
0.135081 
-0.838895 
0.513288 
-1.349429 
-0.408696 
-0.788231 
-0.582956 
-1.147033 
0.431779 
-0.825378 
-0.334730 
-1.417262 
-0.033225 
-0.407794 
-0.291182 
0.012030 
-1.196520 
0.239537 
-0.955027 
-0.449014 
-0.874453 
-1.218354 
-0.193994 
-0.575063 
-0.034258 
0.980148 
-0.419684 
-1.016934 
-0.406297 
1.325349 
-0.820785 
0.664868 
-0.511401 
0.002640 
-1.230930 
-1.046368 
-0.236477 
-0.610684 
-0.239061 
-1.392747 
0.132065 
0.120776 
0.923248 
-0.655862 
-0.551261 
-1.025680 
-0.580391 
-1.269157 
-1.243908 
-0.036534 
-0.430062 
0.718448 
0.628702 
0.064409 
0.253722 
1.457855 
-0.547553 
-0.731365 
-0.176077 
-0.823949 
0.804876 
-0.671753 
1.439628 
-0.910949 
-0.833958 
-0.597211 
-1.397962 
1.466701 
0.550235 
-0.172199 
1.139126 
-0.138265 
-0.771201 
-0.363600 
-0.254769 
-0.028399 
-0.053373 
0.370641 
0.243883 
0.631029 
1.470954 
-1.235584 
1.388276 
-0.078682 
-0.207966 
-0.015217 
0.128082 
-0.088340 
-0.312081 
-1.099598 
-1.191348 
-0.722061 
-0.595215 
-1.522758 
0.344821 
-0.287638 
-0.839249 
1.147270 
0.708202 
-0.108316 
1.340895 
-0.402218 
-1.018775 
-1.225236 
-0.844087 
-0.766548 
1.487085 
-0.857920 
-0.077607 
0.476013 
-0.703293 
0.423835 
-0.349681 
-0.232174 
-0.337057 
-0.313853 
-0.518464 
-0.327898 
-0.180452 
-0.246114 
-0.465568 
-1.435520 
-0.583543 
-0.859633 
0.010400 
0.572560 
0.577341 
-0.801854 
0.364760 
-0.024475 
-0.569169 
-0.696373 
-0.240868 
0.135160 
-0.738784 
0.032891 
-0.289223 
-0.148904 
-0.731717 
-0.656001 
-0.011998 
-0.364034 
0.174817 
-1.144339 
-0.400564 
-0.257008 
-0.279098 
-0.133828 
1.078429 
-0.080788 
0.145651 
-0.413039 
1.304413 
-0.189658 
-0.581423 
1.444671 
-0.896416 
-1.369552 
0.433361 
-0.378822 
-0.690880 
-0.402396 
0.364082 
-0.649980 
-0.257626 
0.158425 
0.672091 
-0.343490 
-0.102004 
-0.123050 
-0.276421 
-0.040569 
-0.456115 
0.687026 
-0.592373 
-1.165810 
1.349276 
-0.057515 
0.937372 
-0.489770 
-0.135545 
-0.362027 
-1.359283 
-0.261218 
-0.685724 
0.897938 
-0.162139 
-0.234475 
-0.302076 
-0.137045 
-0.882536 
-0.574069 
-0.489425 
-0.209372 
-0.739420 
0.311153 
-0.673191 
-0.828925 
-0.837421 
-0.153414 
-1.560093 
-0.189354 
-0.620116 
-1.148061 
-0.775001 
-0.245088 
-0.094288 
-0.555821 
-0.187525 
-0.412766 
-0.237484 
0.150848 
-1.079252 
0.500718 
-0.379749 
0.262168 
-0.382845 
-0.030774 
-0.678662 
-0.537600 
-1.570000 
-0.350151 
-0.729168 
0.031421 
-0.586801 
-0.586490 
-0.377446 
0.409397 
-1.311742 
-0.738551 
1.250717 
-0.171308 
-0.555386 
-0.627887 
-1.072526 
-0.616117 
-0.168362 
-0.018241 
-0.817447 
-0.021385 
-0.278916 
-0.276205 
-0.725158 
-0.352181 
-0.667691 
-0.548049 
-0.718370 
0.609558 
-1.475997 
0.010851 
-0.800268 
0.657923 
-0.138041 
-0.001519 
-0.114077 
-0.353697 
-0.622915 
-0.969006 
-0.551463 
1.002438 
-0.624419 
-1.131196 
0.063518 
-0.906729 
-0.668859 
-0.802530 
-0.878276 
-0.602685 
0.093594 
-1.181837 
-0.236214 
0.615280 
-0.244871 
0.955884 
-1.116614 
0.323319 
-0.156239 
-1.255491 
-1.364958 
-0.135341 
0.105328 
0.073725 
-0.791292 
-1.441308 
-0.165946 
-0.025078 
-0.511956 
-0.231544 
-0.425336 
-0.234854 
-0.650203 
-0.382898 
-0.554459 
-0.426461 
-0.569041 
-0.435397 
-0.863702 
-0.590880 
-0.400773 
0.199570 
-0.265513 
-0.386596 
-0.680439 
-0.842481 
-0.370968 
0.189443 
-0.285280 
-0.274309 
-0.924154 
-0.900846 
0.872728 
-1.027260 
0.077338 
0.014532 
-0.781500 
-0.647179 
1.138326 
0.288518 
0.063655 
-0.075947 
-0.299522 
-0.387034 
-0.369220 
-1.167971 
-0.174825 
-0.240201 
-0.060091 
-0.424842 
-0.407029 
-0.493511 
-0.651197 
0.512322 
0.726070 
-0.319573 
0.364702 
0.300955 
0.063537 
-0.149566 
-0.392482 
-0.390909 
-0.647903 
-0.428939 
-0.366184 
-0.155446 
-0.531428 
-0.473790 
-0.503571 
-0.419472 
-0.936430 
1.374908 
-0.925893 
0.070682 
-0.239397 
-0.145862 
-0.171018 
-0.253698 
-0.350166 
-0.225408 
-0.277021 
-0.453131 
-0.843501 
0.155564 
-0.302328 
-0.527860 
-0.474248 
0.662264 
-0.216821 
-0.086061 
-0.166576 
-1.083969 
-0.758348 
-0.633007 
-0.306539 
0.363440 
0.250519 
0.313801 
-0.228966 
-0.046480 
-0.262861 
-0.324769 
-0.700644 
-0.297281 
1.028371 
-0.716747 
-0.472398 
-0.449872 
-0.214282 
-0.377163 
0.333889 
-0.585249 
-0.790737 
-0.282927 
-0.256249 
-0.204797 
-0.421747 
-0.802706 
-0.409560 
-0.386846 
-0.468765 
-0.267822 
0.267811 
-0.547337 
-0.352707 
1.166535 
0.137356 
-0.349198 
0.072171 
-0.184429 
1.385876 
-1.084295 
0.147431 
-0.117583 
-1.232851 
-0.289249 
-0.632555 
-0.883635 
-0.429209 
-0.495732 
-0.257069 
-0.325539 
-0.212441 
-0.496171 
1.119867 
1.023089 
0.076827 
-0.211017 
-0.647721 
-0.205304 
-1.167683 
0.058838 
-0.323544 
-0.317993 
-0.545200 
-0.704929 
-0.515689 
-1.452166 
0.104527 
-0.216672 
-0.460700 
0.290005 
-0.416325 
0.695216 
-0.610215 
-0.392507 
-0.213601 
-0.829301 
-0.753573 
0.221606 
-0.466406 
-0.487737 
-0.861534 
-0.488992 
-0.570374 
-0.321878 
0.306820 
0.552159 
0.090109 
-0.389315 
0.925133 
-0.348814 
-0.517199 
-0.832740 
-0.760555 
0.189297 
-0.163293 
-0.306455 
-0.488096 
-0.222168 
0.201854 
1.411782 
-0.721713 
-0.018224 
0.306250 
-1.017256 
-0.752489 
-0.097180 
-0.294803 
-0.333488 
-0.493370 
-0.387681 
-0.323924 
-0.304729 
-0.568742 
-0.320218 
-0.328390 
-0.206123 
-0.614599 
-0.477545 
0.033915 
-0.248943 
-1.010015 
-0.399880 
1.315998 
0.495398 
1.443254 
-0.262050 
0.045284 
-0.010793 
-0.908078 
-0.220193 
-0.077387 
-0.533239 
-1.484314 
-0.227063 
-0.349350 
-0.204762 
-0.129720 
-0.320511 
-0.030267 
-0.898396 
-0.206309 
-0.630839 
-0.535296 
-0.322735 
0.489686 
-0.244681 
-0.150704 
-0.323820 
-0.005738 
0.148785 
-0.205905 
-0.178521 
-0.301446 
-0.257352 
-0.214646 
-0.549855 
0.897988 
-0.371979 
-0.520074 
-0.019982 
-0.201400 
-0.134790 
-0.071937 
-0.882730 
1.178730 
0.478582 
-0.635331 
0.403982 
-0.287086 
-0.295027 
-0.195710 
-0.317830 
-0.676971 
0.435980 
0.143287 
-0.418358 
-0.281551 
-0.395031 
0.010747 
-0.276578 
-0.049463 
-0.244365 
-0.430040 
-0.045372 
-0.076971 
0.289828 
-0.219348 
-0.448944 
-0.175942 
-0.249148 
0.642950 
0.246455 
1.349670 
-0.148638 
-0.533294 
0.135987 
-0.433910 
-0.505116 
-0.212359 
-0.147787 
-1.534464 
-0.334202 
0.093191 
-0.233308 
-0.047843 
0.075256 
-0.091598 
-0.217504 
0.095336 
-0.426934 
-0.184096 
-0.258725 
0.650602 
-1.358803 
-0.227706 
-0.368828 
-1.109262 
-0.121400 
-0.289904 
-0.245546 
0.376610 
-0.284895 
-0.569385 
-0.639639 
-0.516003 
-0.276899 
-1.146515 
-0.088186 
-0.257386 
-0.245979 
-0.446029 
0.209201 
-0.204985 
-0.193960 
-0.392503 
0.447619 
-0.033820 
-0.219257 
-0.267673 
-0.198015 
-0.819673 
-0.568747 
-0.549318 
-0.099772 
-0.236947 
-0.262085 
-0.274861 
-0.327630 
-0.302700 
-0.377089 
-0.312506 
-0.284328 
-0.330764 
-0.253228 
-0.172522 
-0.123667 
-0.091041 
-0.101164 
0.016792 
-0.035529 
0.013685 
0.137904 
-0.013928 
-0.657420 
-0.334815 
-0.243205 
-0.270037 
-0.207232 
-0.298141 
-0.265521 
-0.200091 
-0.058192 
0.927695 
0.163119 
-0.349151 
0.004358 
-0.324392 
-0.163379 
-0.256140 
-0.392671 
-0.159572 
0.101341 
-0.817073 
-0.638489 
-0.156878 
0.969140 
-0.092109 
0.090611 
-0.215703 
0.467129 
-0.190631 
-0.183549 
-0.302333 
-0.162756 
-0.302408 
-0.551106 
-0.566140 
-0.164636 
-0.299992 
0.103089 
-0.252237 
-0.286615 
-0.091046 
-0.213342 
0.340579 
-0.266609 
-0.264636 
-0.316563 
-0.284959 
-0.255394 
-0.225115 
-0.618897 
-0.133381 
-0.351737 
0.347823 
0.424978 
-0.199254 
0.215637 
0.104733 
-0.227452 
-0.435985 
0.212548 
-0.496807 
-0.308141 
-0.183705 
-0.288233 
-0.446438 
0.033690 
-0.272348 
-0.288613 
-0.186069 
-0.227665 
0.341583 
-0.338551 
-0.620174 
-0.537782 
-0.268601 
-0.199020 
-1.212231 
-0.681226 
-0.142943 
-0.226584 
-0.207238 
-0.194059 
-0.526100 
0.568159 
-0.342459 
-0.250316 
-0.279527 
-0.228333 
-0.172101 
-0.232229 
-0.220552 
-0.107495 
-0.134305 
-0.327877 
0.942003 
-0.047124 
-0.356543 
-0.258143 
0.055884 
-0.246119 
1.282725 
-0.003863 
-0.186559 
-0.335824 
0.023704 
-0.129553 
-0.214970 
-1.095005 
-0.139678 
-0.241537 
-0.444929 
-0.814706 
-0.022886 
-0.175929 
-0.345406 
-0.383882 
-1.274563 
-0.122007 
-0.128487 
-0.330333 
-0.639529 
-0.572052 
-0.115159 
-0.139950 
-0.160501 
-0.195222 
-0.172632 
-0.205147 
-0.115518 
-1.158340 
-0.622436 
-0.284893 
-0.337510 
-0.252118 
-0.225840 
-0.353649 
-0.220833 
-0.175251 
-0.082831 
-0.436668 
-0.141337 
-0.216795 
-0.253583 
-0.109471 
-0.028036 
-0.091532 
-0.026305 
-0.439421 
-0.446018 
-0.882477 
-0.269715 
-0.114034 
-0.220891 
-0.148086 
-0.085627 
-0.178996 
0.171546 
-0.211190 
-0.126051 
-0.208945 
-0.143825 
-0.303791 
1.387418 
-0.404404 
-0.083884 
-0.117600 
0.358932 
-0.136015 
-0.166218 
-0.082942 
-0.179793 
-0.230990 
-0.130704 
0.050524 
-0.056584 
-0.086065 
0.961091 
-0.387628 
-0.412032 
-0.144317 
-0.121907 
-0.170176 
-0.478172 
-0.281293 
-0.250551 
0.232462 
-0.077066 
-0.127296 
-0.152544 
-0.360980 
-0.711331 
-0.165837 
-0.170704 
-0.160902 
-0.126716 
-0.062188 
-0.147859 
-0.144940 
-0.157723 
-0.021208 
-0.164553 
0.125778 
-0.131918 
-0.253962 
-0.217567 
-0.077587 
-0.300753 
-0.390655 
-0.202727 
-0.228392 
-0.084859 
-0.145026 
-0.322930 
-0.066278 
-0.240639 
1.444024 
-0.089175 
-0.170717 
1.378163 
-0.132094 
-0.094295 
-0.109403 
0.075218 
-0.150496 
-0.224800 
-0.105903 
-0.138893 
-0.209250 
-0.296967 
0.225904 
1.319445 
-0.292836 
-0.353386 
-0.177651 
-0.301545 
-0.119532 
-0.229449 
-0.243913 
-0.151515 
-0.172077 
-0.059218 
-0.080664 
-0.075272 
-0.308925 
-0.217056 
-0.167483 
-0.295835 
0.282416 
-0.127347 
-0.151886 
-0.197766 
0.170847 
-0.120961 
-0.217763 
0.538193 
-0.290028 
-0.222503 
-0.536285 
-0.351619 
-0.184948 
-0.098655 
-0.177618 
-0.213326 
-0.087327 
-0.162423 
-0.159904 
0.701038 
-0.198254 
-0.217178 
0.150575 
-0.193310 
-0.008732 
-0.316351 
-0.195400 
-0.162334 
-0.170760 
-0.034975 
-0.063374 
0.165856 
-0.188451 
-0.118539 
-0.171709 
-0.223001 
-0.100595 
-0.161526 
-1.528593 
-0.093417 
-0.276463 
-0.153682 
-0.191186 
-0.051912 
-0.197195 
-0.087734 
-0.118306 
-0.168041 
-0.180561 
-0.153975 
-0.051055 
-0.053820 
-0.280925 
-0.645474 
-0.156161 
-0.105667 
-0.150125 
-0.087608 
-0.074173 
-0.141177 
-0.086701 
-0.038056 
-0.033927 
-0.161093 
-0.129336 
-0.193201 
-0.150108 
-0.139612 
-0.058182 
-0.633122 
-0.203769 
-0.389554 
-0.110226 
-0.138656 
-0.169428 
-0.189981 
-0.141259 
-0.212864 
-0.112234 
-0.126422 
-0.270513 
-0.079146 
-0.131126 
-0.143734 
-0.120610 
0.118732 
-0.125345 
-0.151164 
-0.227516 
-0.151284 
-0.213699 
-0.170697 
-0.113890 
-0.082222 
-0.158977 
-0.144102 
-0.068542 
-0.087401 
-0.132399 
-0.060850 
-0.144286 
-0.157149 
-0.145560 
-0.120539 
0.159537 
-0.129837 
-0.357524 
-0.156471 
-0.202388 
-0.134780 
-0.254216 
-0.146177 
-0.140890 
-0.187992 
-0.126547 
-0.226871 
-0.118857 
-0.087686 
0.335154 
-0.150708 
-0.050663 
0.356684 
-0.100046 
-0.099581 
-0.100754 
-0.104037 
-0.124842 
-0.130194 
0.156359 
-0.112323 
-0.131112 
-0.122052 
-0.108103 
-0.112809 
-0.054689 
-0.120889 
0.426426 
-0.152339 
-0.114250 
-0.354178 
-0.154216 
-0.108380 
-0.064703 
-0.632050 
-0.141311 
-0.214660 
-0.015623 
-0.076769 
-0.097010 
-0.110666 
-0.354145 
-0.148735 
-0.085018 
-0.114506 
-0.125676 
-0.143710 
-0.112734 
-0.115781 
-0.104860 
-0.143853 
-0.205327 
-0.112989 
-0.093660 
-0.071153 
-0.062579 
-0.040786 
-0.111683 
-0.234136 
-0.123601 
0.003709 
-0.170387 
-0.090566 
-0.150835 
-0.218608 
-0.106674 
0.196359 
0.008372 
-0.114751 
-0.098851 
-0.091640 
-0.112523 
0.387672 
-0.123646 
0.255344 
-0.089127 
-0.181116 
-0.099900 
-0.088978 
-0.000679 
-0.099584 
-0.145123 
-0.146873 
-0.103494 
-0.068282 
-0.163432 
0.116915 
-0.099922 
-0.289633 
-0.043000 
-0.093601 
-0.119269 
-0.133002 
-0.081288 
-0.097496 
-0.092580 
-0.031435 
-0.111760 
-0.080004 
-0.069505 
-0.085579 
-0.105521 
-0.084547 
-0.091708 
-0.095603 
-0.084589 
-0.080080 
-0.116946 
-0.092660 
-0.087259 
-0.152331 
-0.115816 
-0.082318 
-0.056752 
-0.117938 
-0.070554 
-0.074881 
-0.076467 
-0.110569 
-0.050226 
-0.075467 
-0.062493 
-0.053912 
-0.065638 
-0.037341 
-0.085190 
-0.103789 
-0.083198 
-0.088369 
-0.096026 
-0.074718 
-0.077790 
-0.074793 
-0.059715 
-0.135183 
-0.103880 
0.516911 
-0.080020 
-0.054366 
-0.110577 
-0.065066 
-0.065408 
-0.065071 
-0.078977 
-0.076593 
-0.090942 
-0.061918 
-0.062538 
-0.087358 
-0.127947 
-0.072409 
-0.081126 
-0.067605 
-0.059874 
-0.054504 
-0.063265 
-0.076743 
-0.084727 
-0.075681 
-0.071147 
-0.071989 
-0.057313 
-0.056074 
-0.022146 
-0.047265 
-0.063329 
-0.065470 
-0.066129 
-0.064001 
-0.050757 
-0.053633 
-0.069478 
-0.078023 
-0.086513 
-0.070062 
-0.060796 
-0.060388 
-0.037729 
0.074388 
-0.030249 
-0.048904 
-0.061674 
-0.052063 
-0.052059 
-0.057132 
-0.057805 
-0.060084 
-0.060569 
-0.061685 
-0.058994 
-0.053374 
-0.051227 
-0.064982 
-0.067404 
-0.061003 
-0.063414 
-0.054625 
-0.050801 
-0.054030 
-0.053592 
-0.053923 
-0.060110 
-0.055099 
-0.051378 
-0.042767 
-0.052657 
-0.043204 
-0.032732 
-0.049755 
-0.029509 
-0.044095 
-0.044161 
-0.084964 
-0.040098 
-0.042297 
-0.045303 
-0.068789 
-0.040810 
-0.041824 
-0.043121 
-0.020731 
-0.034179 
-0.041823 
-0.850434 
-0.025739 
-0.040146 
-0.038740 
-0.039542 
-0.040706 
-0.037394 
-0.037037 
-0.039271 
-0.034005 
-0.036730 
-0.042192 
-0.048288 
-0.034544 
-0.031720 
-0.032539 
-0.024408 
-0.027743 
-0.036959 
-0.017101 
-0.030143 
-0.030781 
-0.028545 
-0.040653 
-0.616405 
-0.028683 
-0.028720 
-0.029461 
-0.028114 
-0.027615 
-0.030532 
-0.030497 
-0.029266 
-0.025802 
-0.027103 
-0.028909 
-0.023358 
-0.006001 
-0.026096 
-0.016341 
-0.023802 
-0.037653 
-0.022245 
-0.022749 
-0.023206 
-0.025409 
-0.024315 
-0.022944 
0.068352 
-0.020993 
-0.021269 
-0.020371 
0.000625 
-0.016247 
-0.021621 
-0.020084 
-0.018802 
-0.017792 
-0.017751 
-0.016685 
-0.016907 
-0.015863 
-0.020112 
-0.015839 
-0.016002 
-0.015121 
-0.014730 
-0.014349 
-0.013479 
-0.012318 
-0.013070 
-0.011941 
-0.011099 
-0.012452 
-0.011295 
-0.010731 
-0.015302 
-0.011239 
-0.010025 
-0.009695 
-0.007699 
-0.008608 
-0.008200 
-0.007761 
-0.007434 
-0.006983 
-0.006713 
-0.006271 
-0.005871 
-0.007503 
-0.005081 
-0.004747 
-0.003967 
0.000709 
-0.003570 
-0.003215 
-0.002722 
-0.002210 
-0.001944 
-0.001573 
-0.001179 
-0.000785 
-0.000394 
