-1.#IND00 
0.000394 
0.000785 
0.001176 
0.001574 
0.001946 
0.002228 
0.002719 
0.003204 
0.003580 
-0.001120 
0.004020 
0.004737 
0.005072 
0.007858 
0.005895 
0.006278 
0.006734 
0.007005 
0.007408 
0.007694 
0.008223 
0.008624 
0.007992 
0.009887 
0.010065 
0.011574 
0.011589 
0.011529 
0.011334 
0.012346 
0.010964 
0.011553 
0.013133 
0.012529 
0.014717 
0.014504 
0.014594 
0.015162 
0.016132 
0.015953 
0.020658 
0.016101 
0.016861 
0.016613 
0.017786 
0.017738 
0.018744 
0.024623 
0.021151 
0.016494 
-0.002251 
0.020297 
0.021218 
0.021091 
0.107030 
0.022729 
0.024520 
0.024961 
0.023338 
0.022896 
0.022547 
0.036499 
0.023732 
0.015570 
0.026052 
0.005384 
0.023446 
0.029028 
0.026960 
0.025632 
0.029167 
0.030185 
0.030465 
0.027821 
0.028213 
0.029313 
0.028670 
0.028734 
0.148621 
0.040214 
0.028459 
0.030871 
0.030258 
0.016503 
0.036827 
0.027878 
0.024136 
0.032569 
0.031594 
0.034616 
0.050177 
0.042336 
0.036493 
0.034157 
0.039145 
0.037074 
0.037456 
0.040621 
0.039558 
0.038672 
0.040247 
0.025291 
0.385672 
0.041729 
0.034146 
0.020176 
0.043063 
0.041838 
0.040647 
0.066811 
0.045255 
0.042290 
0.040069 
0.082967 
0.044085 
0.044385 
0.029014 
0.049573 
0.032499 
0.043087 
0.052430 
0.042649 
0.051308 
0.054617 
0.059847 
0.053900 
0.053517 
0.053984 
0.050759 
0.054583 
0.063168 
0.060848 
0.067049 
0.064725 
0.051181 
0.053329 
0.058908 
0.061552 
0.060462 
0.059993 
0.057738 
0.057072 
0.051983 
0.051996 
0.061595 
0.048808 
0.029212 
-0.102480 
0.037090 
0.060313 
0.060734 
0.069891 
0.085444 
0.077516 
0.069334 
0.053481 
0.050564 
0.063932 
0.065993 
0.065346 
0.063287 
0.046832 
0.019800 
0.055935 
0.057125 
0.071791 
0.071340 
0.075503 
0.084081 
0.076459 
0.063110 
0.054090 
0.059764 
0.067609 
0.080672 
0.072218 
0.124268 
0.087794 
0.062418 
0.061756 
0.089992 
0.076232 
0.078848 
0.064694 
0.065256 
0.064711 
0.108051 
0.053632 
0.079929 
-1.541840 
0.102993 
0.131241 
0.059130 
0.074685 
0.077328 
0.074677 
0.094922 
0.087896 
0.083236 
0.102339 
0.084786 
0.035577 
0.063795 
0.053415 
0.062207 
0.075329 
0.048465 
0.109492 
0.076281 
0.075298 
0.070299 
0.115579 
0.055353 
0.082204 
0.114399 
0.145353 
0.086895 
0.092418 
0.115556 
0.079876 
0.084438 
0.095062 
0.091503 
0.084059 
0.104071 
0.085108 
0.068814 
0.079225 
0.109975 
0.025039 
0.093345 
0.097746 
0.081436 
0.128512 
0.117088 
0.093540 
0.037597 
0.253609 
0.099576 
-0.243556 
0.152802 
0.065614 
0.102196 
0.145044 
0.141773 
0.098457 
-0.020519 
0.087654 
0.098810 
0.167215 
0.088436 
-0.961800 
0.122828 
-1.335590 
0.111050 
0.090503 
0.098138 
0.113566 
-0.044017 
-0.637406 
0.105890 
0.193509 
0.145040 
0.089194 
0.159205 
-0.044837 
0.121368 
0.198613 
0.110146 
0.025213 
0.055035 
0.065665 
0.091492 
0.110971 
0.176703 
0.137281 
0.102386 
0.113138 
0.110245 
0.136464 
0.121442 
0.111255 
0.076735 
0.141529 
0.224721 
0.107842 
0.093254 
0.065730 
-0.184972 
0.160099 
0.134442 
0.216297 
-0.012644 
0.102715 
0.137256 
0.148836 
0.092477 
0.124305 
0.131203 
0.128863 
0.111619 
0.148191 
0.131965 
0.167885 
0.137435 
0.129249 
0.050009 
0.149043 
0.141755 
0.111851 
0.102898 
0.103888 
0.104754 
-0.013820 
0.072552 
0.152071 
-0.025083 
0.092417 
0.120986 
0.331173 
0.126471 
0.194401 
0.148081 
0.147657 
0.389819 
0.139116 
0.206292 
0.156427 
0.745612 
0.134149 
-0.131953 
0.133395 
0.146155 
0.154213 
0.149652 
0.068220 
0.132644 
0.093490 
0.073621 
0.142223 
0.168141 
0.085535 
0.117229 
0.171476 
0.212675 
0.151388 
0.250869 
0.155608 
0.124907 
-0.069229 
0.120913 
0.147337 
0.134776 
0.084591 
0.307991 
0.124759 
0.113217 
0.232466 
0.144031 
0.197276 
0.174167 
0.137579 
0.111128 
0.491363 
0.214423 
0.739142 
0.065061 
0.145701 
0.149267 
0.193889 
0.129618 
0.161589 
0.042944 
0.046497 
0.088435 
0.143219 
0.077668 
0.089285 
0.152124 
0.108596 
0.159148 
0.799550 
0.297194 
0.059393 
0.056884 
0.154930 
0.183492 
0.169099 
0.119533 
0.090443 
0.200389 
0.057699 
0.194346 
0.154700 
0.285315 
0.095028 
-1.114565 
0.162805 
0.102726 
0.226634 
0.173083 
0.119948 
0.190146 
-0.125975 
0.067678 
0.041643 
0.172028 
0.163479 
0.197310 
0.329759 
0.017826 
0.195871 
-0.116564 
0.220073 
0.200506 
-0.511882 
0.160833 
0.163350 
0.089909 
0.215231 
0.176732 
0.100721 
0.187878 
0.288241 
0.596216 
0.224192 
0.296452 
-0.426207 
0.219580 
0.122246 
-0.137402 
0.199785 
0.153347 
0.128866 
-0.232580 
0.301360 
0.168161 
0.219268 
0.317143 
0.078255 
0.083657 
0.063402 
0.172790 
0.152241 
0.247004 
0.232150 
0.121203 
0.306322 
0.178470 
0.360693 
0.295482 
-1.055077 
-0.193430 
0.299725 
0.210435 
0.139856 
0.107633 
0.227143 
0.151681 
-0.062589 
0.110804 
0.096759 
0.133182 
-1.126370 
0.171813 
0.092169 
-1.254802 
0.241086 
0.069557 
0.330542 
0.146245 
0.087695 
0.229549 
0.203533 
0.403436 
0.305855 
0.080529 
0.218259 
0.255622 
0.132959 
-0.107535 
0.166967 
0.026618 
0.157862 
0.145889 
0.148554 
0.064259 
0.128615 
0.162480 
0.170202 
0.166429 
0.771788 
0.371135 
0.154295 
0.129054 
0.080088 
-0.200287 
0.252723 
0.285451 
0.473972 
0.171848 
0.122719 
0.147704 
0.426027 
0.388966 
-0.820149 
0.088290 
0.059909 
-0.042609 
0.132289 
0.231822 
0.179454 
0.085112 
0.167478 
0.136970 
-0.322238 
0.119082 
0.086455 
0.412713 
-1.263446 
0.306910 
0.144864 
0.210045 
0.127459 
0.212291 
-0.153599 
0.179954 
0.087990 
0.149260 
0.221849 
0.115758 
0.271458 
0.943235 
0.455139 
0.448328 
0.030662 
0.093754 
0.032290 
0.111224 
0.254859 
0.217830 
0.142652 
0.444045 
0.085257 
0.176245 
0.221893 
0.357987 
0.226968 
0.253622 
0.341150 
0.285545 
0.635251 
1.248627 
0.117125 
0.205967 
0.173528 
0.196024 
0.161526 
0.141160 
0.116743 
0.589304 
0.663388 
0.333784 
0.130110 
0.123771 
1.348655 
0.387433 
0.346958 
0.176743 
0.027013 
0.856945 
0.453302 
0.242974 
0.141214 
1.141168 
0.215290 
0.130779 
-0.017713 
0.339431 
0.187773 
0.008339 
-1.220344 
0.246387 
-0.047819 
0.260767 
0.361551 
0.050490 
-0.891215 
0.324988 
0.134844 
0.108967 
0.222697 
0.234332 
0.173542 
0.230647 
0.275639 
0.249612 
0.347411 
-0.509837 
0.542200 
0.195667 
0.208929 
0.226824 
0.143845 
0.718010 
1.324657 
0.201061 
0.271265 
0.557873 
0.573277 
0.345408 
-0.305894 
0.232095 
0.187832 
0.286758 
0.271041 
-0.025256 
0.458783 
0.290467 
0.185934 
0.307717 
0.496236 
-0.196070 
0.444851 
0.229653 
-0.103222 
-0.207503 
0.199450 
-0.383287 
-0.317703 
0.347859 
0.137771 
0.587607 
0.229973 
0.254771 
0.284999 
0.321128 
0.265142 
0.264676 
-0.334913 
0.213518 
0.092549 
0.293332 
0.254463 
-0.096933 
0.302450 
0.165427 
0.576953 
0.555099 
0.304323 
0.163463 
0.304114 
0.184330 
0.191794 
-0.439400 
0.216994 
-0.083680 
0.094200 
-0.912937 
0.158183 
0.649950 
0.834700 
-0.094182 
0.160833 
0.396170 
0.257043 
0.164451 
0.325887 
-0.000384 
0.351011 
-0.153812 
-0.885644 
0.060778 
0.200992 
0.266411 
0.298202 
0.208542 
0.269557 
0.244372 
0.336508 
0.668861 
0.017429 
-0.129739 
-0.009525 
0.038528 
-0.012568 
0.102999 
0.093033 
0.125213 
0.173592 
0.254012 
0.331784 
0.285198 
0.313442 
0.378585 
0.303438 
0.328358 
0.275527 
0.262685 
0.237236 
0.100773 
0.558032 
0.580002 
0.843596 
0.199560 
0.269121 
0.220831 
0.036725 
-0.434934 
0.393097 
0.194611 
0.205608 
-0.197665 
0.450813 
0.247545 
0.258815 
0.090460 
1.152811 
0.277068 
0.523744 
0.653853 
0.578288 
0.286670 
-0.371678 
0.247422 
0.286536 
0.122410 
1.259940 
0.371853 
0.230013 
1.374524 
-0.648526 
0.258302 
0.184673 
0.432246 
-0.093074 
0.219085 
0.094651 
-0.072627 
0.050346 
0.233487 
-0.085894 
0.338147 
-1.429537 
0.147514 
0.212842 
0.514071 
0.432075 
-0.128131 
0.546175 
0.149434 
-1.279016 
-0.243370 
-0.614107 
0.251133 
0.176976 
0.451574 
0.220357 
-0.280404 
0.078937 
0.047941 
0.429304 
0.247779 
0.052037 
0.276604 
-0.007702 
0.395139 
0.280822 
0.417976 
-0.139481 
-0.432533 
0.679324 
0.319932 
0.196398 
0.296367 
0.291191 
-0.393188 
0.634007 
-0.464787 
-1.057088 
0.889772 
0.074134 
0.136190 
0.202645 
0.022862 
0.521470 
0.373649 
-0.874321 
0.553867 
0.215598 
0.258430 
0.302391 
0.179787 
0.206959 
-0.142898 
0.008797 
0.325313 
0.152052 
0.245611 
-0.475933 
0.323962 
0.538242 
0.636076 
0.207349 
0.908660 
0.032919 
0.321404 
0.131320 
0.205760 
0.350819 
0.228245 
1.513429 
0.536535 
0.079419 
0.221043 
0.920789 
0.013697 
-0.041786 
0.263353 
-1.405433 
-0.474632 
-1.306036 
0.401957 
1.025696 
0.249756 
-0.030943 
0.480417 
0.624029 
0.206696 
0.329855 
0.321541 
0.573262 
0.306033 
0.325207 
0.389504 
0.498332 
0.334980 
0.296161 
0.099150 
0.756999 
1.022635 
-0.301225 
0.021030 
0.724359 
-1.412976 
-0.189216 
0.223701 
0.491828 
0.308147 
0.165330 
-0.184161 
0.764300 
0.838284 
0.514003 
0.349467 
-0.922857 
0.392307 
-0.086826 
-0.542521 
-0.300543 
0.322085 
0.569723 
0.496162 
0.876691 
0.492673 
0.471595 
-0.203752 
0.768607 
0.822009 
0.214427 
0.395984 
0.620388 
-0.669516 
0.419357 
-0.290204 
0.461342 
0.217420 
-0.099687 
1.351357 
0.526114 
0.704577 
0.546160 
0.318430 
0.323712 
-0.054040 
1.189895 
0.207176 
0.645493 
0.211305 
-0.072532 
-0.991899 
-1.076712 
0.489574 
0.221718 
0.327801 
0.258700 
0.496623 
0.429471 
0.894510 
0.638432 
0.290686 
1.241876 
0.119022 
-0.142391 
1.098900 
-1.384282 
0.186098 
-0.068464 
0.350002 
-0.132504 
-1.153785 
0.354872 
0.548796 
-0.260428 
0.269068 
0.471424 
0.387957 
0.411178 
0.809052 
0.423432 
0.205899 
0.257595 
0.283904 
0.796579 
0.588297 
-0.326722 
0.378176 
0.215450 
0.450879 
0.474166 
0.721383 
-1.010665 
0.298296 
0.705298 
0.325951 
0.264013 
0.048653 
0.229931 
-0.306615 
-0.244495 
-0.355372 
0.307388 
0.635637 
0.762352 
1.092587 
0.167801 
0.087935 
0.218104 
-0.651256 
0.476196 
0.530198 
0.303634 
-0.151740 
0.848595 
0.454477 
0.278049 
0.226557 
0.351232 
0.254745 
0.172337 
0.147302 
0.240484 
-0.067067 
0.933527 
-1.356107 
0.945106 
0.421001 
0.505546 
0.475589 
0.533866 
0.157028 
0.367619 
0.431001 
0.652235 
0.392512 
0.393986 
0.151189 
-0.060673 
-0.296456 
-0.359783 
0.321536 
-0.715681 
-0.504534 
0.653471 
0.494842 
0.407985 
0.425674 
0.062080 
0.240965 
0.175804 
1.173544 
0.370084 
0.387943 
0.300501 
0.077818 
-0.060448 
-0.282734 
-1.118881 
0.651276 
0.787982 
-0.011692 
-0.077417 
1.020464 
-0.852432 
0.909045 
0.934246 
0.275665 
0.286574 
-0.185968 
0.371349 
0.848835 
0.684541 
0.388194 
0.266974 
-0.195567 
0.401141 
0.595403 
0.856725 
0.437122 
0.572124 
0.428232 
0.557792 
0.384580 
0.655300 
0.236294 
0.427326 
0.232976 
0.514142 
0.027177 
0.167134 
1.447505 
0.798196 
-0.070958 
-0.101823 
0.136988 
1.378173 
1.261469 
0.157589 
-0.318159 
1.120536 
-0.944503 
0.245745 
-0.606544 
0.237815 
1.189391 
-0.090339 
0.604623 
0.884085 
0.806017 
0.671955 
0.911258 
-0.060587 
1.138243 
0.626836 
-0.990789 
0.553548 
0.974186 
0.625412 
0.354812 
0.115705 
0.003804 
0.139551 
-0.648982 
0.804143 
-0.008523 
1.487653 
-0.600010 
0.721619 
0.549665 
0.670066 
0.353414 
0.727971 
0.277412 
0.280165 
0.023536 
0.821523 
0.020410 
0.169753 
0.617867 
1.077615 
0.629902 
0.557480 
0.172750 
-1.237454 
0.741794 
1.319347 
-0.402916 
0.378868 
0.588124 
0.588252 
-0.029005 
0.731706 
0.351080 
-1.563063 
0.538492 
0.681599 
0.032936 
0.383894 
-0.256517 
0.381305 
-0.493251 
1.086625 
-0.147859 
0.238928 
0.414301 
0.188706 
0.556401 
0.096025 
0.246534 
0.777223 
1.153204 
0.621788 
0.191056 
-1.565512 
0.154767 
0.838571 
0.830663 
0.677018 
-0.304938 
0.743845 
0.211787 
0.491337 
0.578189 
0.885037 
0.138663 
0.303695 
0.235908 
0.163943 
-0.926328 
0.686794 
0.263169 
1.359186 
0.362134 
0.137204 
0.492855 
-0.943487 
0.059400 
-1.317359 
1.205677 
0.595421 
-0.671827 
0.460179 
0.042413 
0.275788 
0.124870 
0.103388 
0.346503 
-0.668094 
-0.156030 
0.259517 
0.648865 
-0.360574 
0.402350 
0.695556 
0.379673 
-0.430819 
1.361622 
0.902027 
-1.438740 
0.581780 
0.191318 
-1.291129 
0.414798 
-0.142010 
0.082568 
-1.074573 
0.135525 
0.280079 
0.258650 
0.402437 
1.152491 
-0.170629 
0.364960 
0.014204 
0.657529 
0.734521 
0.150375 
0.290537 
-0.030551 
0.741661 
-0.132198 
0.242074 
0.697798 
0.570611 
0.026439 
-0.359960 
0.804190 
-0.570676 
-0.567006 
-0.008231 
0.862414 
0.585052 
1.440962 
0.467202 
0.247464 
0.181849 
0.329406 
0.520130 
0.314996 
0.338249 
0.233558 
0.350968 
-0.419171 
0.705240 
-0.470679 
0.079357 
0.860530 
-1.479255 
0.768898 
0.846712 
1.231903 
1.023248 
0.403580 
-1.331221 
0.109930 
-0.700941 
-1.140164 
0.841882 
0.288806 
-0.341118 
1.531481 
0.595131 
0.723756 
1.194887 
1.103608 
0.313230 
0.089975 
-0.125173 
0.017214 
0.209285 
0.080399 
-1.379031 
1.241556 
-1.462402 
-0.624409 
-0.241234 
-0.366998 
0.055153 
0.030407 
0.255971 
0.364671 
0.773025 
0.139119 
-1.128488 
0.173345 
-0.548119 
-1.464063 
1.400686 
0.596646 
0.835404 
0.912532 
-1.436163 
0.672429 
-0.808707 
0.833170 
0.177321 
0.738774 
0.549807 
-1.434247 
-0.253095 
-0.062416 
-0.620581 
-0.705634 
0.432249 
0.038185 
1.246195 
1.271167 
0.581390 
1.024419 
0.553445 
0.659766 
-0.921595 
-0.120776 
-0.128662 
1.407452 
0.241193 
0.611458 
0.237326 
1.057650 
1.239017 
-0.001127 
0.514171 
-0.662449 
0.820257 
-1.325401 
0.407016 
1.024738 
0.421551 
-0.966341 
0.035883 
0.579006 
0.195077 
1.218821 
0.875000 
0.449648 
0.933143 
-0.235597 
1.204529 
-0.012936 
0.293384 
0.408558 
0.034901 
1.435755 
0.337203 
0.824567 
-0.429648 
1.070598 
0.583408 
0.797904 
0.409264 
1.348560 
-0.513345 
0.845586 
-0.129458 
-0.271812 
0.136136 
0.549513 
0.715153 
-1.474776 
-0.543405 
-0.557127 
0.507680 
0.889425 
0.919687 
-0.657316 
0.984078 
0.231216 
0.646865 
0.170139 
-0.962779 
-0.630096 
0.752009 
-0.214489 
-1.095453 
0.743058 
-0.206227 
0.454882 
0.318676 
0.351578 
0.670299 
-1.265695 
0.194716 
0.108431 
-1.244953 
0.350332 
0.718712 
0.431460 
-0.425651 
0.668972 
0.852839 
0.181893 
0.277259 
0.788776 
-0.150180 
-0.203505 
-0.096957 
0.639818 
1.309460 
-0.926430 
0.103135 
0.536483 
0.510768 
-0.622757 
0.308051 
0.075692 
0.492060 
-0.423057 
0.707977 
1.458235 
0.131548 
0.943623 
-0.172428 
0.671304 
0.176117 
0.498310 
-0.377330 
0.812557 
1.005684 
-0.174628 
0.434699 
1.174448 
1.139701 
0.683096 
-1.551094 
0.167132 
0.039825 
-0.210429 
0.417062 
0.087625 
-0.092658 
0.037991 
-1.270581 
0.620854 
-0.493207 
0.318388 
-0.727874 
0.458768 
-0.394630 
0.725505 
0.477334 
0.603876 
-0.413504 
1.001170 
0.823101 
0.701190 
-0.249973 
-0.103603 
-0.892424 
0.697290 
-1.365360 
0.813949 
-0.915303 
-1.318872 
0.079627 
-0.082931 
1.498674 
-1.464861 
-0.065778 
-0.415709 
-0.495547 
-0.788888 
0.645136 
-0.376786 
0.828803 
0.678278 
-0.826567 
0.557111 
0.246035 
-0.140321 
0.110279 
-1.455718 
0.383483 
0.692864 
0.503805 
0.197905 
-1.477734 
-1.428833 
0.515250 
-0.300024 
0.583970 
0.374389 
-1.120662 
0.874800 
0.024817 
-0.274116 
1.086896 
0.262307 
-0.262993 
1.433487 
0.085646 
-0.071840 
1.436553 
0.382405 
-1.335634 
1.495439 
-1.103777 
1.011025 
-0.210760 
1.496275 
-0.533957 
0.803288 
0.851848 
-1.371278 
0.298666 
0.511350 
0.539614 
-0.017700 
0.655636 
0.327989 
-1.177251 
0.313725 
0.296709 
1.211615 
-0.084533 
-0.944159 
0.850112 
0.282903 
-1.266721 
0.729727 
0.442637 
-0.378855 
0.097449 
-1.383396 
0.079255 
0.649412 
0.746027 
-1.388916 
-0.045252 
0.457050 
0.310537 
0.154617 
1.034782 
0.332665 
-0.535844 
0.664813 
0.845937 
0.488055 
0.140083 
0.418708 
-1.377243 
-1.037492 
-0.853263 
-1.123213 
0.743224 
0.740294 
1.026590 
-1.520097 
-0.320065 
-0.247951 
-0.254424 
-0.183590 
0.440726 
0.336465 
0.569091 
0.192236 
0.301748 
-0.127671 
0.071154 
0.530363 
0.439047 
0.546977 
-0.407599 
-0.696306 
0.232039 
-0.306490 
-0.090147 
1.015948 
0.235587 
-0.734536 
0.897375 
0.602584 
-0.612038 
-1.409677 
1.540756 
-0.167771 
-0.633236 
0.528921 
1.498661 
-1.566323 
-0.736108 
-0.453877 
0.805052 
0.082757 
0.780977 
-1.067459 
0.858815 
0.837756 
0.380738 
-1.013026 
-0.583187 
0.050094 
-1.210373 
-0.393949 
-0.016232 
0.608157 
-0.129291 
-0.008986 
-1.268261 
0.422996 
-0.101474 
0.802324 
-0.363610 
0.394015 
0.435515 
0.054583 
0.276729 
-0.711746 
0.573182 
1.096838 
-0.942620 
1.345623 
0.771036 
-0.970680 
-0.111646 
-1.402051 
0.529033 
1.551377 
-0.286568 
0.289871 
0.478135 
-0.648152 
-0.629919 
-0.536907 
-0.067020 
0.726611 
-0.303414 
0.662508 
1.305743 
0.282901 
0.014653 
0.752139 
0.723758 
0.325102 
-0.085100 
0.620438 
0.052394 
1.460468 
-0.177938 
-0.088985 
-0.005391 
0.065753 
0.317663 
-0.954790 
1.443220 
0.355533 
-0.369965 
1.074569 
-0.894154 
0.102518 
0.196161 
-1.349367 
1.552271 
0.220070 
0.122879 
-0.354427 
-0.929793 
0.789525 
0.456505 
0.153534 
-0.469601 
-1.081757 
0.288540 
1.299092 
0.744146 
1.294734 
0.266624 
0.049967 
0.423917 
-0.505619 
-0.960633 
0.971406 
0.986254 
0.293819 
0.956276 
-0.169784 
-1.306110 
0.941530 
0.820667 
1.105474 
-0.929915 
-0.229092 
0.104218 
-0.786729 
-0.273886 
0.222542 
0.809375 
1.537261 
0.133366 
0.650866 
0.460460 
0.547033 
-0.138776 
-0.249593 
0.553049 
-0.721413 
0.723294 
0.367696 
-0.770640 
1.052295 
-0.866783 
0.453224 
-0.691875 
-0.070631 
-0.677580 
1.142375 
0.823280 
0.649393 
-0.361807 
1.290458 
-0.154772 
-1.356025 
0.991695 
0.720171 
-0.344006 
-0.812158 
-0.599414 
0.896813 
-1.212260 
0.100282 
-1.509550 
0.752505 
0.545667 
0.532212 
-0.069872 
1.430275 
0.650164 
1.486404 
0.020373 
0.644349 
1.372731 
0.860847 
1.118873 
0.079406 
1.389834 
-0.208023 
0.645914 
1.290162 
0.790722 
0.392438 
0.277419 
0.402270 
0.856160 
-1.226269 
0.756237 
-1.223510 
1.117107 
0.845307 
0.934208 
-1.469716 
1.398533 
0.121700 
0.905492 
-0.914967 
-0.008305 
0.429279 
-0.010412 
-1.307170 
-0.680485 
-1.471902 
0.208812 
0.573762 
-0.602826 
0.108966 
0.417750 
0.301820 
1.131401 
0.615805 
0.807003 
0.352562 
-0.460287 
-0.549636 
1.321938 
0.684970 
-1.568890 
0.380601 
1.224852 
1.306393 
-0.219857 
-0.941980 
0.261188 
-0.369946 
-0.850153 
-1.275608 
-0.025968 
1.555437 
1.408224 
0.588433 
0.843243 
0.671427 
0.506334 
-0.322447 
0.808437 
0.815942 
1.097598 
-0.098312 
0.216661 
0.421623 
1.057084 
-0.241724 
0.149999 
-1.329703 
0.497201 
-0.902732 
-0.707934 
0.304628 
-0.152988 
-0.600451 
-0.880637 
-1.238271 
-1.243602 
0.997961 
0.892738 
0.322432 
-0.149788 
-0.117005 
-0.318941 
-1.049623 
-1.048661 
-0.395669 
-0.041058 
0.098804 
1.441433 
1.459475 
0.625358 
0.874433 
1.352644 
0.235935 
0.631550 
1.443849 
0.840435 
0.517965 
0.401282 
1.416855 
0.000183 
-0.088774 
0.509870 
-0.329806 
1.396303 
-0.809992 
0.451785 
-0.547712 
0.239493 
0.215630 
0.239645 
0.284631 
-0.115155 
0.514344 
-1.267906 
-0.309044 
-0.547421 
1.363504 
-0.979391 
-0.400567 
1.464225 
-0.170495 
-0.000873 
0.206749 
0.389614 
-0.682879 
1.369713 
1.024754 
-1.244645 
-0.215420 
1.098077 
-0.833818 
-0.024272 
-0.149767 
-0.159554 
0.585332 
0.627450 
0.618583 
0.994804 
-0.206486 
-0.235631 
-0.359493 
0.050614 
0.789188 
0.779238 
-0.468287 
-0.083521 
1.210951 
1.452710 
-1.191676 
-0.334703 
-0.830440 
0.834397 
-0.042763 
-1.350400 
1.161498 
-0.069684 
-1.250346 
-0.737052 
-1.307441 
-0.688480 
-1.401028 
-0.512458 
0.933825 
-1.364523 
0.011583 
-1.113271 
0.188799 
-0.207440 
-0.895505 
1.552548 
0.257010 
-0.565738 
-0.671877 
-0.898007 
-0.242977 
-0.057992 
0.705462 
0.964281 
-0.613023 
-0.915512 
1.211432 
0.442272 
1.086977 
-1.315001 
-0.116990 
0.494189 
0.791181 
-0.229740 
-0.685275 
0.595994 
0.444558 
-1.432732 
0.358819 
-1.236083 
1.130207 
-0.361160 
0.165161 
-1.244073 
-0.159684 
0.622304 
1.005209 
0.732818 
0.097966 
0.213893 
-1.023886 
-1.552217 
0.920060 
-0.222376 
1.567990 
0.055070 
0.063395 
1.045438 
0.925479 
0.488506 
0.645303 
0.759011 
0.212753 
0.376268 
0.533803 
-0.619225 
-0.867775 
0.267222 
-1.510656 
-0.568254 
-0.841129 
-1.466364 
1.447511 
0.895389 
-1.497175 
-1.108712 
-0.339869 
0.725515 
0.452226 
-0.054154 
0.381664 
1.008532 
0.542236 
-1.139143 
0.602305 
0.003486 
-0.757151 
0.967252 
0.691455 
1.033980 
0.519016 
-1.525876 
-0.973268 
1.071659 
0.507888 
-1.267985 
1.076045 
0.634901 
0.545450 
-0.959555 
-0.824908 
-0.323051 
-1.074816 
-0.774462 
0.327132 
-1.368959 
0.360720 
0.340802 
0.907885 
0.026599 
-0.139893 
-0.973679 
0.336806 
-0.507183 
-0.016930 
-0.486245 
1.411718 
-0.612421 
0.595502 
0.316213 
0.094496 
-0.288499 
0.578726 
0.346292 
-0.367291 
-1.566586 
0.747189 
-0.533537 
-1.553650 
0.939359 
0.765760 
-1.179441 
1.132241 
-0.694771 
-0.204944 
-0.949116 
1.133440 
0.152810 
1.154397 
-1.121977 
0.232281 
-0.510557 
1.362499 
-0.071371 
0.883506 
0.623770 
-0.396787 
-0.227650 
0.148212 
-0.193500 
-1.096030 
1.297036 
-0.778087 
0.197509 
0.876793 
-0.052993 
1.141539 
1.520101 
0.124688 
0.621501 
0.558280 
0.014679 
1.028675 
0.578529 
-0.277741 
-0.281734 
-1.348004 
0.178300 
-1.237138 
-0.138426 
-0.660249 
-0.987857 
-0.950747 
1.132813 
-0.035859 
0.712780 
0.657998 
-1.307272 
-1.356096 
0.716795 
1.475542 
1.523405 
0.324050 
-0.827106 
0.596494 
0.552857 
-0.738429 
0.952089 
-0.570752 
-0.273154 
-1.538476 
-1.137989 
-0.740366 
-0.296715 
1.421648 
1.241934 
0.810663 
0.755911 
1.256638 
-0.995687 
-0.734127 
-0.940245 
-0.539715 
0.185602 
0.192405 
0.888398 
1.355109 
0.087002 
1.366729 
1.458725 
0.972647 
-0.038578 
0.249743 
0.740249 
-0.157447 
0.557456 
-1.197847 
-1.058525 
0.558728 
1.071142 
0.660529 
0.278076 
0.006014 
0.668715 
-0.028524 
1.563347 
0.848848 
1.337207 
0.774573 
0.200241 
-0.540325 
0.099245 
0.880660 
-0.237987 
0.241420 
1.254248 
1.464893 
-0.755898 
-1.227862 
-0.455128 
0.681875 
-1.139249 
0.491250 
1.283292 
0.488045 
-1.324416 
-0.388478 
0.864680 
1.534939 
-0.908375 
1.325315 
-0.503584 
-0.568059 
1.487351 
1.250346 
-0.693465 
1.068791 
-0.836136 
0.379099 
-0.225147 
0.806681 
1.234898 
-0.718951 
1.243698 
1.073900 
0.500906 
0.838071 
0.835048 
0.981120 
-0.812794 
0.124791 
0.425079 
-0.187035 
0.049640 
0.178584 
-0.549299 
0.861185 
-0.151805 
-1.335666 
-1.059809 
-1.177178 
1.352564 
0.996967 
-0.022515 
1.032379 
0.908090 
-0.906056 
-1.505611 
-0.183331 
1.152122 
-1.528513 
1.381216 
-0.919772 
-1.053217 
1.240470 
1.464203 
-1.392902 
0.162621 
-0.698433 
1.346367 
-1.471635 
0.469171 
-0.215241 
-0.644322 
0.904724 
1.338752 
-0.635059 
1.401193 
-1.464746 
0.724235 
-0.851578 
1.415233 
1.035672 
-0.447407 
0.220034 
-0.961001 
0.622065 
-1.400031 
-0.990700 
-1.100332 
0.252498 
1.094512 
0.766007 
-1.069244 
1.519711 
-0.600479 
0.865382 
-1.476004 
-1.222427 
-0.923832 
0.489810 
-0.054426 
-0.100659 
0.021317 
-0.854185 
-1.171834 
-1.391685 
-1.441798 
-1.335944 
-0.765042 
-0.686885 
-0.253708 
-1.521160 
-0.771019 
-0.033742 
0.069458 
0.887982 
1.047556 
-0.365128 
0.989785 
-0.465561 
-0.302987 
0.565391 
-0.739071 
1.500390 
1.186414 
0.033088 
-0.603958 
0.476011 
-0.272643 
0.132386 
1.551131 
-0.338318 
0.228548 
-0.172469 
-0.994698 
-0.803300 
-1.058707 
0.105970 
1.351475 
-0.331441 
-1.035932 
-0.900340 
1.430397 
-0.557858 
-0.461182 
-0.538081 
-1.196756 
-1.441821 
-0.814379 
1.343696 
0.883643 
-1.495722 
0.793964 
-0.210757 
-0.842592 
-0.838633 
-1.419400 
-1.407184 
-0.475483 
-0.180980 
-1.418882 
0.216701 
1.117089 
-1.313996 
0.209804 
-1.062470 
-0.532639 
0.206408 
-0.362068 
1.486589 
0.672420 
-0.785033 
1.313463 
-0.659226 
-1.066019 
0.445485 
-1.087517 
1.066095 
-1.191685 
1.411669 
-0.707924 
-1.459892 
-1.322017 
-0.053966 
0.705614 
0.772533 
-0.100545 
-1.563753 
-1.132799 
-0.784755 
-0.859872 
-1.002914 
-0.633521 
-0.998927 
1.291021 
-0.285814 
-1.368620 
-0.050796 
-1.277893 
-1.125089 
-1.233200 
-1.099585 
-1.145346 
0.525366 
-1.003154 
1.317362 
0.806492 
-1.132731 
0.830334 
0.487029 
0.493756 
0.209868 
0.347911 
1.526315 
-0.498740 
1.562029 
-0.186276 
-0.281414 
0.827365 
-0.369967 
0.948198 
-1.262968 
-1.342960 
-0.211490 
-0.148346 
0.880416 
0.295088 
-0.755316 
0.437025 
-0.533639 
-1.147550 
-1.558482 
-0.737342 
-0.731649 
-0.494549 
1.450830 
1.144019 
1.452265 
1.021395 
1.216416 
-0.706755 
-1.256533 
-0.932786 
-0.841323 
-0.485838 
0.662990 
1.570228 
-1.483979 
-1.169309 
-0.207382 
-1.209890 
-0.202540 
-1.386054 
0.223099 
1.488345 
-0.446007 
-0.167923 
1.099168 
1.165888 
-1.388432 
0.770006 
1.090874 
0.135062 
-1.407859 
-1.128330 
0.001594 
-0.076345 
-1.155921 
0.120126 
0.813764 
-0.884405 
-1.250518 
-0.419186 
0.142857 
1.145954 
-0.955696 
-0.671863 
1.343076 
-0.866149 
-0.764600 
-1.497911 
-0.458261 
1.466030 
0.243343 
0.349918 
1.141367 
0.103375 
-1.032455 
0.074934 
-1.465972 
0.446852 
0.683898 
-0.497186 
0.248699 
-1.154841 
-0.111273 
1.332593 
1.209272 
1.031874 
-0.255648 
1.529662 
0.803008 
1.233668 
0.435608 
-0.717429 
-0.151121 
-1.392169 
1.276531 
-1.568368 
0.344454 
-0.899090 
0.334560 
-1.073674 
1.094978 
1.015995 
-0.775745 
-0.594326 
1.494326 
-1.557000 
1.256430 
-0.781868 
-1.498133 
-1.309541 
0.954601 
-1.396218 
0.841722 
1.539746 
-0.567442 
1.234511 
1.335583 
0.972357 
-0.792105 
1.240719 
-0.063334 
0.661561 
-0.965540 
-0.482460 
-0.711111 
-1.346959 
-1.463896 
-0.240860 
-0.365004 
-0.654329 
-0.415983 
-1.138795 
1.271352 
0.826625 
1.148137 
-1.313452 
-1.121360 
0.795265 
-1.258215 
-0.908592 
-1.441163 
1.309357 
-0.835085 
0.289017 
-1.080391 
-1.321159 
-0.197639 
1.152231 
-1.278839 
0.611147 
-1.447879 
1.354443 
0.878653 
1.226531 
-1.543639 
-1.340568 
0.291767 
1.265016 
-0.460808 
-0.978800 
-1.105280 
-1.118955 
-1.362910 
-1.389986 
-0.181975 
-0.345688 
-0.210630 
0.124350 
-0.192854 
1.220882 
-1.442789 
0.300419 
-1.349864 
-0.714541 
-0.693672 
-1.016258 
1.095040 
-1.402082 
-1.146303 
-1.380407 
-0.972232 
-1.420190 
0.814396 
-0.174373 
-0.586463 
0.833703 
0.034589 
-1.195559 
-1.406681 
-1.469119 
-0.195954 
-0.752056 
-1.557108 
-1.073480 
1.009872 
-1.291610 
1.424418 
-0.087013 
-1.487661 
-0.627986 
0.002874 
0.370847 
-0.980873 
1.361282 
-1.524183 
-1.193816 
0.209732 
-0.050099 
-1.541176 
-0.310313 
-1.035391 
-0.435978 
1.351483 
-1.341061 
-1.216908 
-1.337508 
-1.267542 
0.029465 
-1.451470 
-0.906797 
-1.462345 
1.443655 
-0.896874 
1.122633 
-0.493537 
0.950276 
1.561014 
-1.272609 
-0.537630 
0.531670 
-0.905548 
0.230125 
0.964856 
-0.275841 
0.297924 
-1.312348 
-0.920747 
-0.670535 
-1.349489 
-1.222148 
1.044597 
-0.753614 
1.314263 
0.515888 
-0.746216 
-0.437521 
-0.812365 
-0.579324 
1.377485 
0.568701 
0.174094 
-1.545880 
-0.868584 
-0.686232 
-0.115337 
-1.540755 
1.102267 
-1.097096 
0.135523 
1.435914 
0.015727 
0.645019 
1.288618 
1.404279 
0.747438 
0.027272 
-0.545466 
-0.943895 
-0.796396 
-0.716697 
-0.045726 
1.146490 
-0.657264 
0.285075 
-0.816635 
-1.313105 
1.060244 
-0.883218 
-1.330104 
-1.004192 
-0.877128 
-0.940060 
-1.299151 
-1.471734 
-1.346469 
0.197611 
1.145335 
0.576706 
1.542230 
-0.504635 
0.967331 
-0.901986 
-0.031061 
0.254688 
-0.947628 
-1.504672 
-1.393770 
-1.456584 
-1.118011 
-0.984186 
-1.111999 
-0.445689 
1.231825 
1.521972 
-0.795860 
-0.379469 
-0.535709 
0.232446 
-1.518827 
-0.916549 
-0.316818 
-1.056552 
-1.293101 
0.034639 
-0.880216 
0.814208 
-0.835924 
-1.376567 
-1.206873 
-0.788071 
-1.412917 
-1.356404 
-1.303235 
-0.488715 
-0.810733 
1.081381 
-1.185878 
1.397588 
-1.498715 
-0.581574 
1.302033 
-1.236192 
-1.125701 
-1.261038 
-1.392043 
-0.436031 
-0.996048 
0.893914 
-1.042498 
0.893262 
1.061384 
1.405637 
-0.615134 
0.702220 
-1.085448 
-0.840039 
-1.365940 
1.149422 
0.596427 
1.076308 
-1.095178 
-1.060381 
0.802802 
0.304141 
-0.371920 
-1.190039 
-1.258802 
-0.634360 
-1.374187 
1.430495 
-0.896776 
-0.679433 
-1.329661 
1.120737 
-1.140391 
-1.065538 
1.335600 
-0.692153 
1.476174 
-1.052033 
1.445266 
-0.924379 
0.682173 
-0.362314 
-0.399166 
0.352974 
-1.006522 
0.954995 
-1.387987 
-0.994421 
0.797883 
0.379524 
-1.446717 
1.382927 
-1.062896 
-1.172155 
0.124951 
-0.613776 
-0.684274 
0.306642 
-0.662498 
-1.241017 
1.546585 
-1.094337 
1.311158 
-0.731648 
-1.013942 
-1.252815 
-1.053703 
-0.965429 
0.817621 
0.327046 
-1.290641 
-0.482661 
-1.298415 
-0.922089 
-1.504756 
0.447428 
-1.065107 
0.706646 
-1.000410 
1.418964 
-1.067782 
1.368971 
-1.063294 
-1.360356 
-0.698562 
0.514362 
-1.432804 
-0.976683 
-1.162719 
0.288096 
0.631683 
1.478940 
-1.096234 
0.366800 
1.434954 
1.348748 
-0.770673 
-1.096884 
-1.002988 
-1.133643 
-1.251385 
0.402080 
-1.222581 
-1.393443 
1.011428 
1.007749 
-0.547299 
-0.808786 
1.416790 
-1.408114 
0.140131 
-0.681699 
-1.418444 
1.138476 
-1.164223 
-1.388698 
-0.806071 
-1.296864 
-1.348987 
1.025389 
-1.109089 
1.555380 
1.181395 
0.357773 
-0.968644 
0.892438 
1.554692 
-1.295411 
1.479847 
1.423462 
-1.145333 
-1.198853 
-0.415174 
-1.497996 
-0.814286 
-0.540999 
-1.120654 
0.121164 
1.170767 
0.529118 
-1.537836 
-0.984456 
-0.780462 
-0.914451 
-0.419481 
-1.151247 
-0.592309 
-1.404958 
-0.807070 
-0.601735 
-1.076582 
-0.085305 
-1.302041 
-0.582615 
0.934536 
1.322464 
-1.251193 
-1.237320 
-0.567175 
-1.380252 
1.511481 
-0.866716 
-1.170978 
1.383845 
1.073949 
0.397418 
-1.213945 
-0.640000 
0.847879 
-1.114491 
-1.565160 
-0.403698 
-1.534786 
-1.058028 
1.509384 
-0.905366 
1.196264 
-1.194488 
-1.487718 
-1.194587 
-1.247097 
-1.298855 
-1.497262 
0.393069 
1.007467 
1.205768 
-1.427226 
-0.236636 
-0.839050 
-0.254945 
1.205807 
-1.049008 
-0.917729 
-1.498982 
0.966720 
-1.172279 
-1.124728 
-0.654537 
-1.490270 
0.059836 
-0.908467 
-0.498673 
-0.185517 
-1.089095 
-0.451548 
-0.595063 
1.317482 
0.726724 
-1.222291 
1.552108 
0.943217 
1.205825 
-1.343883 
-1.163929 
-0.259256 
0.974409 
0.477485 
1.549466 
-1.257505 
-1.128020 
-0.907937 
-0.111751 
-1.430770 
-1.247060 
-1.151991 
1.297468 
0.050978 
-0.131774 
-1.161593 
-1.440910 
1.560072 
-1.329096 
-0.209091 
-0.569590 
0.203399 
-1.526796 
1.423425 
-1.155023 
-0.427176 
-0.070019 
-1.349730 
-1.227104 
-1.081332 
1.408732 
1.135128 
-0.739308 
-0.611625 
-0.933984 
-1.148714 
-0.795633 
0.703097 
-1.072580 
1.237691 
-1.217076 
-1.432724 
1.104864 
-0.508732 
-1.048369 
-1.082383 
-1.535088 
-1.190161 
-0.385602 
-0.243013 
-0.920474 
-1.164997 
-1.181360 
-1.478683 
-1.044472 
-1.154278 
-1.356600 
-1.393198 
1.506363 
-1.042826 
-1.256355 
-1.037163 
-1.360526 
-0.590427 
-0.741824 
0.685475 
1.374719 
-0.694349 
0.903381 
-1.395848 
-1.235373 
-1.048806 
-1.483347 
-1.161849 
-0.439154 
-0.657397 
-0.850224 
-0.799869 
-0.898793 
0.429610 
1.472364 
-1.071521 
1.148029 
-1.549336 
-1.569297 
-1.256423 
-1.349618 
-1.143889 
1.525060 
-1.247440 
0.495158 
-1.219758 
-0.811541 
-1.302689 
0.036761 
-1.314079 
-1.456570 
-0.126697 
1.535661 
-1.293334 
-1.147084 
0.898553 
-1.399733 
0.214610 
1.352813 
-0.654100 
1.069997 
-1.199788 
-1.500435 
-1.176837 
-1.195157 
-1.032157 
-0.928196 
-1.534752 
-0.865023 
-1.027699 
-1.112705 
1.346578 
-0.073466 
-1.469862 
1.405707 
1.255393 
-0.165674 
-1.551508 
0.976278 
-1.422215 
-1.536282 
-0.872187 
-0.741363 
0.417149 
-1.100479 
0.961710 
-1.351247 
-0.751232 
-1.498401 
-1.068971 
-1.063584 
1.485197 
-0.762478 
-1.228768 
-0.685522 
1.274307 
1.346401 
-1.304875 
0.014397 
-1.320462 
-0.880959 
-0.268418 
-1.150254 
-1.111662 
-0.627786 
-0.874117 
-0.979465 
-1.213735 
1.475022 
-0.027183 
-1.220880 
-0.604214 
-0.750724 
-1.399714 
-1.075901 
-1.335630 
-1.202787 
1.489833 
1.122434 
-0.913996 
-1.362666 
0.554161 
0.871194 
-1.177592 
-1.506547 
1.349927 
1.079428 
1.474557 
-0.802607 
-1.536490 
-1.296611 
0.072208 
-1.165609 
-1.373454 
-1.233582 
-0.977658 
-1.126318 
-1.509915 
1.168159 
-1.050351 
-1.080172 
-1.307232 
-1.255708 
-0.757450 
-1.063405 
-1.326550 
-1.133777 
-0.075477 
-1.000093 
-1.458170 
-0.912068 
-1.169527 
1.462395 
-1.027204 
-1.432541 
-1.262270 
-1.040698 
-0.235342 
-0.983737 
-1.057807 
-0.116293 
-1.162738 
-1.168143 
-1.279880 
-0.873600 
-0.629805 
-1.199475 
-1.456054 
-0.329463 
-1.201466 
-1.529265 
0.301258 
1.204766 
-1.209700 
-1.044595 
0.795696 
0.013061 
1.567429 
-0.635579 
-0.933012 
1.501528 
1.568031 
-1.012010 
-1.363019 
-0.986767 
0.818085 
-1.352197 
-1.353391 
-1.431899 
-0.781209 
-1.390711 
1.044064 
1.359407 
-1.450456 
-1.391595 
-0.530248 
-1.383174 
-1.180697 
-1.129524 
-1.369660 
-0.897792 
-1.377039 
-0.892089 
1.466890 
-1.128686 
-1.225307 
0.595844 
-1.262276 
-1.227398 
-0.249535 
-1.112326 
-1.242934 
1.131215 
1.521330 
1.566629 
1.407136 
-0.947676 
0.676358 
-1.012925 
-0.710087 
-1.186344 
-1.383862 
-1.002819 
-0.431075 
-1.534874 
0.863096 
-1.357669 
1.418352 
1.254381 
-1.266287 
1.000619 
-1.477170 
-1.346982 
-1.331811 
-0.928597 
-0.195511 
1.145881 
-1.232223 
-0.943495 
-1.347074 
-1.080561 
-1.069123 
0.670853 
-0.433219 
1.292757 
-0.999264 
-1.342591 
-0.736532 
-1.407642 
-1.178486 
0.628252 
-1.381300 
-1.530332 
0.703572 
0.505581 
-1.333414 
-1.421588 
-0.489853 
1.385523 
-0.936545 
-0.241302 
1.441738 
-1.231610 
0.117058 
-1.544192 
1.169494 
-0.117585 
-1.121859 
-0.945694 
0.952231 
1.105308 
-0.842710 
-1.041185 
-1.127219 
-1.536765 
0.072291 
0.673330 
-0.920487 
-1.278997 
-1.361146 
-0.962350 
1.383945 
-1.356065 
-1.158116 
-1.233135 
-1.106790 
-0.649959 
-1.116551 
0.064542 
1.223465 
-1.063093 
1.129867 
-1.358399 
1.174141 
-1.027078 
-1.356455 
-1.169022 
-1.345470 
-0.912215 
1.550360 
-1.373277 
-1.533908 
-1.162394 
1.550885 
1.174502 
-1.144055 
-1.175914 
0.961517 
-1.265689 
-1.519365 
-1.297610 
0.105979 
-1.234748 
-1.124193 
-1.247344 
-1.341475 
-1.495844 
-1.306021 
0.465351 
-1.391618 
0.422279 
1.302851 
-1.431127 
-1.064511 
-1.326814 
-1.147724 
-1.367312 
-1.538218 
-1.149542 
-1.110356 
0.050449 
-1.364189 
-1.159056 
-1.308851 
1.013139 
-1.249321 
1.481215 
-1.298756 
0.467124 
-1.093467 
-1.149391 
1.383273 
-1.124352 
-1.387706 
-0.961568 
-1.196129 
-1.362606 
1.532571 
-1.186429 
-1.210736 
-1.386385 
-1.359906 
-1.467342 
-1.385813 
-1.334297 
-1.366580 
-0.698581 
-1.364133 
-0.354839 
-1.368908 
1.556841 
-1.376977 
-1.187828 
-0.744399 
-1.310360 
-1.434719 
-1.370199 
-1.287118 
-1.471598 
-0.964478 
1.556519 
-1.009982 
-1.369012 
-1.252771 
-0.615186 
-1.103909 
1.023514 
-1.283650 
-1.456637 
-1.443037 
-1.530868 
-1.238085 
-1.403598 
-1.289714 
-1.050340 
-1.414382 
-1.466628 
-1.512446 
-1.267741 
-1.277804 
-1.544557 
0.727885 
-1.209763 
-1.458615 
-0.494103 
-1.250464 
-1.310434 
0.332365 
-1.309100 
-1.057683 
-0.961523 
-1.304657 
-1.175692 
-0.481923 
1.537525 
-1.261389 
-1.365074 
-1.260569 
1.492867 
-1.294480 
-1.448969 
-1.247974 
-1.271040 
-1.386126 
-1.285732 
-1.136055 
-0.756035 
-1.437409 
-1.337972 
-1.280723 
-1.421485 
-1.417145 
0.364585 
-0.441174 
-1.219774 
-1.237879 
0.004306 
-1.392480 
1.089143 
-1.348685 
-1.089650 
-1.375727 
-1.398050 
-1.468688 
-0.383014 
-1.078770 
-1.185057 
-1.306442 
-1.299037 
1.502327 
-1.502719 
-1.048764 
-0.806367 
-1.184332 
-1.362020 
-1.444538 
1.422116 
-1.499046 
-1.496433 
-1.439481 
-1.369784 
-0.674966 
-1.543344 
-1.115139 
-1.238848 
-1.384889 
0.865806 
-1.152207 
0.408299 
-1.373343 
-1.461232 
-1.347567 
-0.724608 
-1.301674 
-0.975203 
-0.597742 
-1.125353 
-1.388340 
-1.139846 
1.497564 
-1.350994 
-0.858375 
-1.445761 
-1.355151 
-1.374686 
-0.883562 
-1.144855 
-1.560286 
1.244406 
-1.256109 
-1.209999 
1.087559 
-1.299944 
-0.661951 
-1.439050 
-1.565544 
-1.248757 
-1.365916 
-0.275170 
-1.351546 
-1.136430 
-1.426116 
-1.335021 
-0.991539 
1.527025 
-1.376118 
-1.360805 
-1.423976 
-1.213874 
0.838443 
1.294296 
-1.453729 
-1.283607 
-1.353285 
-1.073483 
-1.264080 
-1.244689 
-1.390709 
-1.318222 
-1.492893 
-1.503860 
-1.150595 
-0.389551 
1.517344 
-0.303359 
-1.193577 
-1.449948 
-1.268100 
-1.350051 
1.540327 
1.340235 
-1.421706 
-1.431861 
-1.212422 
-1.281759 
-0.415514 
-1.483348 
-1.297548 
-0.519969 
-1.507788 
1.397411 
-1.331518 
-1.023670 
-1.148504 
-1.335231 
-1.374998 
-0.668654 
-1.507362 
-1.354462 
-1.337078 
-1.070966 
-1.137164 
-1.359047 
1.536602 
-1.401984 
-1.448653 
-1.363324 
-1.366775 
-1.497102 
-1.431805 
-1.363882 
-1.325628 
-1.364964 
-1.241608 
-1.197093 
1.285459 
-1.414094 
-1.233846 
0.797504 
-1.370579 
-1.500742 
-1.369733 
-1.433257 
-1.335966 
-0.858783 
-1.423115 
-1.403837 
0.744813 
-1.327164 
-0.586000 
-1.403486 
-1.520811 
-1.035245 
-1.161155 
-1.188534 
-1.376099 
-1.426510 
-1.182112 
-1.364261 
1.153485 
-1.198843 
1.129149 
-1.478932 
1.339675 
-1.348273 
-1.194501 
-1.365547 
-0.761783 
-1.380137 
-1.116742 
-1.039100 
-1.399818 
-1.208888 
-1.323622 
1.211487 
-1.316630 
-1.368430 
-1.222818 
-1.365749 
-1.392114 
0.044959 
1.551924 
-1.231467 
-1.360995 
-1.454780 
-0.857465 
-1.382597 
-1.416746 
-1.475341 
-1.355132 
1.520705 
-1.493119 
-1.434189 
-1.051643 
-1.401263 
-1.436352 
-1.357140 
-1.425563 
-0.987046 
-1.390507 
-1.258760 
1.466509 
-1.405362 
-1.418535 
-1.331560 
-1.140266 
-1.424993 
-1.504478 
-1.455904 
-1.367872 
-1.447569 
-1.570746 
1.466793 
-1.421999 
-1.350836 
-0.781088 
-1.243204 
-1.375591 
-1.388418 
-1.469973 
-1.285053 
-1.411514 
0.519204 
-1.344342 
-1.540766 
-1.375266 
-1.389241 
-1.352283 
-1.430796 
-1.409927 
-1.361430 
-1.411504 
-1.383491 
-1.445871 
-1.373254 
-1.341065 
-1.453488 
-1.424917 
-1.455016 
-1.382663 
-1.473709 
-1.429821 
-1.373129 
-1.431346 
-1.411837 
-1.420022 
-1.406322 
-1.444577 
-1.392626 
-1.265502 
-1.424340 
-0.447054 
-1.256902 
-0.502757 
-1.476970 
1.314405 
-1.403695 
-1.543069 
-1.015316 
-1.284608 
-0.445079 
-1.475724 
-1.369611 
-1.424473 
-1.386063 
-1.455323 
-0.451026 
-1.456331 
1.378378 
-1.427659 
-1.299062 
-1.395558 
-1.445983 
-1.436990 
-1.342812 
-1.414377 
-0.970129 
-1.158257 
-1.426106 
-1.430393 
1.334077 
-1.533615 
-1.435772 
-1.426282 
-1.421719 
-1.385887 
-1.441302 
-1.538783 
-1.365400 
-1.368665 
-1.380848 
-1.414226 
-1.425768 
-1.348566 
-1.198494 
-1.402264 
-1.398883 
-1.511323 
-1.449818 
0.267972 
-1.458639 
-1.389536 
-1.397296 
-1.535315 
-1.422104 
-1.432598 
-1.419040 
-0.707586 
-1.442642 
-1.435333 
1.526398 
-1.299472 
-1.425396 
-1.415348 
-1.567899 
-1.387163 
-1.550202 
-1.436181 
-1.393016 
-1.323048 
-1.463311 
-1.464321 
1.449444 
-1.360398 
-1.531483 
-1.428075 
-1.472711 
-1.450247 
-1.391500 
-1.376200 
-1.411438 
-1.385920 
-1.336380 
-1.485085 
-1.469042 
-1.464892 
-1.390647 
1.343815 
-1.465068 
-1.446631 
-1.490037 
-1.417327 
1.179607 
-1.541916 
-1.341674 
-1.447216 
-1.411748 
-1.413139 
-1.445467 
-1.376568 
-1.415047 
-1.057013 
-1.532601 
-1.499840 
-1.447677 
-1.423576 
1.514024 
-1.474222 
-1.429055 
-1.542878 
-1.448209 
-1.067582 
-1.466543 
-1.493064 
-1.443576 
1.421693 
-1.443491 
-1.417399 
-1.250130 
-1.449582 
-1.444089 
-1.473025 
-1.424200 
-1.409755 
-1.451283 
-1.287159 
1.266486 
-1.197671 
-1.387858 
-1.498910 
-1.469231 
-1.484668 
-1.456740 
-1.446185 
-1.443890 
-1.392774 
-1.523984 
-1.198917 
-1.460861 
-1.456323 
-1.431512 
-1.118407 
0.503961 
-1.489585 
-1.439206 
-1.354333 
-1.447760 
1.543057 
1.409698 
-1.318030 
-1.484057 
-1.513919 
-1.477875 
-1.443435 
-1.564839 
-1.463668 
-1.419530 
-1.481991 
1.389523 
-1.463794 
-1.473001 
-1.447755 
-1.326141 
-1.435882 
-1.482270 
1.541257 
-1.536314 
-1.476093 
-1.452732 
-1.521602 
-1.452462 
-1.441865 
-1.400221 
-1.168017 
1.301719 
-1.452647 
-1.432968 
-1.485098 
-1.453607 
-1.473388 
-1.485805 
-1.433452 
-1.471571 
-1.359105 
-1.563882 
-1.483758 
-1.269462 
-1.175910 
-1.441545 
-1.520030 
-1.557736 
-1.344586 
-1.502937 
-1.481054 
-1.471901 
-1.474817 
0.265994 
-1.426897 
-1.488840 
-1.403628 
-0.750235 
-1.456235 
-1.471881 
1.510089 
-1.451796 
-1.328356 
-1.513638 
-1.468039 
-1.490228 
-1.490032 
-1.464322 
-1.477747 
-1.386272 
-1.487668 
-1.458446 
-1.552101 
-1.399173 
-1.531093 
-1.473285 
-1.484742 
-1.506067 
-1.484887 
-1.401761 
1.563493 
-1.497477 
-1.514254 
-1.448945 
-1.480129 
-1.501645 
-1.485616 
-1.482660 
-1.487138 
-1.471469 
-1.469081 
-1.520847 
-1.476226 
-1.491886 
-1.491182 
-1.502216 
-1.424294 
-1.484194 
-1.504048 
-1.493987 
-1.549822 
-1.490413 
-1.494535 
-1.486012 
-1.539416 
-1.482595 
-0.501333 
-1.493536 
-1.480605 
-1.470061 
-1.503368 
-1.497890 
-1.522435 
-1.485000 
-1.499977 
-1.509947 
-1.494131 
-1.528216 
-1.496627 
-1.494879 
-1.511119 
-1.476785 
-1.492369 
-1.495846 
-1.492107 
-1.488579 
-1.502033 
-1.503551 
-1.521765 
-1.517612 
-1.520874 
-1.521670 
-1.482995 
-1.506945 
-1.507525 
-0.364675 
-1.501635 
-1.496092 
-1.502557 
-1.490840 
-1.510744 
-1.514395 
-1.504891 
-1.474305 
-1.514415 
-1.519222 
-1.526006 
-1.537736 
-1.510953 
-1.501278 
-1.516700 
-1.543190 
-1.515172 
-1.494977 
-1.513496 
-1.512948 
-1.514332 
-1.512125 
-1.519746 
-1.520708 
-1.514713 
-1.509226 
-1.528123 
-1.514763 
-1.538026 
-1.485602 
-1.517540 
-1.536330 
-1.515344 
-1.432668 
-1.523661 
-1.518441 
-1.551065 
-1.525748 
-1.521135 
-1.517115 
-1.512577 
-1.508264 
-1.521843 
-1.515924 
-1.516728 
-1.565058 
-1.525616 
-1.522534 
-1.520033 
-1.525057 
-1.521513 
-1.525113 
-1.534097 
-1.527049 
-1.523839 
-1.529749 
-1.531965 
-1.542474 
-1.538430 
-1.527538 
-1.494048 
-1.529235 
-1.528151 
-1.530581 
-1.555161 
-1.530812 
-1.525485 
-1.545000 
-1.536753 
-1.532041 
-1.533394 
-1.533648 
-1.521166 
-1.284001 
1.505336 
-1.538624 
-1.533107 
-1.533908 
-1.536447 
-1.535223 
-1.536068 
-1.542715 
-1.533219 
-1.539575 
-1.541053 
-1.514921 
-1.538287 
-1.541305 
-1.541301 
-1.540838 
-1.520292 
-1.542037 
-1.545069 
-1.543019 
-1.542271 
-1.545130 
-1.543374 
-1.544367 
-1.543907 
-1.561233 
-1.542534 
-1.545671 
-1.545286 
-1.544857 
-1.547161 
-1.550812 
-1.538847 
-1.542047 
-1.546102 
-1.548293 
-1.549039 
-1.548478 
-1.549007 
-1.550195 
-1.549546 
-1.550649 
-1.549863 
-1.549263 
-1.551044 
-1.551782 
-1.553066 
-1.553393 
-1.552987 
-1.553448 
-1.553837 
-1.553603 
-1.554728 
-1.556543 
-1.556343 
-1.556925 
-1.556085 
-1.556961 
-1.557361 
-1.557429 
-1.557492 
-1.557998 
-1.558332 
-1.559074 
-1.560387 
-1.559749 
-1.560297 
-1.560513 
-1.561340 
-1.561365 
-1.561454 
-1.562231 
-1.562492 
-1.563019 
-1.568767 
-1.562703 
-1.564088 
-1.564423 
-1.564939 
-1.565414 
-1.565749 
-1.566001 
-1.566471 
-1.567634 
-1.567252 
-1.567648 
-1.568123 
-1.568431 
-1.568831 
-1.569234 
-1.569614 
-1.570004 
-1.570404 
-1.570796 
1.570404 
1.570004 
1.569614 
1.569234 
1.568831 
1.568431 
1.568123 
1.567648 
1.567252 
1.567634 
1.566471 
1.566001 
1.565749 
1.565414 
1.564939 
1.564423 
1.564088 
1.562703 
1.568767 
1.563019 
1.562492 
1.562231 
1.561454 
1.561365 
1.561340 
1.560513 
1.560297 
1.559749 
1.560387 
1.559074 
1.558332 
1.557998 
1.557492 
1.557429 
1.557361 
1.556961 
1.556085 
1.556925 
1.556343 
1.556543 
1.554728 
1.553603 
1.553837 
1.553448 
1.552987 
1.553393 
1.553066 
1.551782 
1.551044 
1.549263 
1.549863 
1.550649 
1.549546 
1.550195 
1.549007 
1.548478 
1.549039 
1.548293 
1.546102 
1.542047 
1.538847 
1.550812 
1.547161 
1.544857 
1.545286 
1.545671 
1.542534 
1.561233 
1.543907 
1.544367 
1.543374 
1.545130 
1.542271 
1.543019 
1.545069 
1.542037 
1.520292 
1.540838 
1.541301 
1.541305 
1.538287 
1.514921 
1.541053 
1.539575 
1.533219 
1.542715 
1.536068 
1.535223 
1.536447 
1.533908 
1.533107 
1.538624 
-1.505336 
1.284001 
1.521166 
1.533648 
1.533394 
1.532041 
1.536753 
1.545000 
1.525485 
1.530812 
1.555161 
1.530581 
1.528151 
1.529235 
1.494048 
1.527538 
1.538430 
1.542474 
1.531965 
1.529749 
1.523839 
1.527049 
1.534097 
1.525113 
1.521513 
1.525057 
1.520033 
1.522534 
1.525616 
1.565058 
1.516728 
1.515924 
1.521843 
1.508264 
1.512577 
1.517115 
1.521135 
1.525748 
1.551065 
1.518441 
1.523661 
1.432668 
1.515344 
1.536330 
1.517540 
1.485602 
1.538026 
1.514763 
1.528123 
1.509226 
1.514713 
1.520708 
1.519746 
1.512125 
1.514332 
1.512948 
1.513496 
1.494977 
1.515172 
1.543190 
1.516700 
1.501278 
1.510953 
1.537736 
1.526006 
1.519222 
1.514415 
1.474305 
1.504891 
1.514395 
1.510744 
1.490840 
1.502557 
1.496092 
1.501635 
0.364675 
1.507525 
1.506945 
1.482995 
1.521670 
1.520874 
1.517612 
1.521765 
1.503551 
1.502033 
1.488579 
1.492107 
1.495846 
1.492369 
1.476785 
1.511119 
1.494879 
1.496627 
1.528216 
1.494131 
1.509947 
1.499977 
1.485000 
1.522435 
1.497890 
1.503368 
1.470061 
1.480605 
1.493536 
0.501333 
1.482595 
1.539416 
1.486012 
1.494535 
1.490413 
1.549822 
1.493987 
1.504048 
1.484194 
1.424294 
1.502216 
1.491182 
1.491886 
1.476226 
1.520847 
1.469081 
1.471469 
1.487138 
1.482660 
1.485616 
1.501645 
1.480129 
1.448945 
1.514254 
1.497477 
-1.563493 
1.401761 
1.484887 
1.506067 
1.484742 
1.473285 
1.531093 
1.399173 
1.552101 
1.458446 
1.487668 
1.386272 
1.477747 
1.464322 
1.490032 
1.490228 
1.468039 
1.513638 
1.328356 
1.451796 
-1.510089 
1.471881 
1.456235 
0.750235 
1.403628 
1.488840 
1.426897 
-0.265994 
1.474817 
1.471901 
1.481054 
1.502937 
1.344586 
1.557736 
1.520030 
1.441545 
1.175910 
1.269462 
1.483758 
1.563882 
1.359105 
1.471571 
1.433452 
1.485805 
1.473388 
1.453607 
1.485098 
1.432968 
1.452647 
-1.301719 
1.168017 
1.400221 
1.441865 
1.452462 
1.521602 
1.452732 
1.476093 
1.536314 
-1.541257 
1.482270 
1.435882 
1.326141 
1.447755 
1.473001 
1.463794 
-1.389523 
1.481991 
1.419530 
1.463668 
1.564839 
1.443435 
1.477875 
1.513919 
1.484057 
1.318030 
-1.409698 
-1.543057 
1.447760 
1.354333 
1.439206 
1.489585 
-0.503961 
1.118407 
1.431512 
1.456323 
1.460861 
1.198917 
1.523984 
1.392774 
1.443890 
1.446185 
1.456740 
1.484668 
1.469231 
1.498910 
1.387858 
1.197671 
-1.266486 
1.287159 
1.451283 
1.409755 
1.424200 
1.473025 
1.444089 
1.449582 
1.250130 
1.417399 
1.443491 
-1.421693 
1.443576 
1.493064 
1.466543 
1.067582 
1.448209 
1.542878 
1.429055 
1.474222 
-1.514024 
1.423576 
1.447677 
1.499840 
1.532601 
1.057013 
1.415047 
1.376568 
1.445467 
1.413139 
1.411748 
1.447216 
1.341674 
1.541916 
-1.179607 
1.417327 
1.490037 
1.446631 
1.465068 
-1.343815 
1.390647 
1.464892 
1.469042 
1.485085 
1.336380 
1.385920 
1.411438 
1.376200 
1.391500 
1.450247 
1.472711 
1.428075 
1.531483 
1.360398 
-1.449444 
1.464321 
1.463311 
1.323048 
1.393016 
1.436181 
1.550202 
1.387163 
1.567899 
1.415348 
1.425396 
1.299472 
-1.526398 
1.435333 
1.442642 
0.707586 
1.419040 
1.432598 
1.422104 
1.535315 
1.397296 
1.389536 
1.458639 
-0.267972 
1.449818 
1.511323 
1.398883 
1.402264 
1.198494 
1.348566 
1.425768 
1.414226 
1.380848 
1.368665 
1.365400 
1.538783 
1.441302 
1.385887 
1.421719 
1.426282 
1.435772 
1.533615 
-1.334077 
1.430393 
1.426106 
1.158257 
0.970129 
1.414377 
1.342812 
1.436990 
1.445983 
1.395558 
1.299062 
1.427659 
-1.378378 
1.456331 
0.451026 
1.455323 
1.386063 
1.424473 
1.369611 
1.475724 
0.445079 
1.284608 
1.015316 
1.543069 
1.403695 
-1.314405 
1.476970 
0.502757 
1.256902 
0.447054 
1.424340 
1.265502 
1.392626 
1.444577 
1.406322 
1.420022 
1.411837 
1.431346 
1.373129 
1.429821 
1.473709 
1.382663 
1.455016 
1.424917 
1.453488 
1.341065 
1.373254 
1.445871 
1.383491 
1.411504 
1.361430 
1.409927 
1.430796 
1.352283 
1.389241 
1.375266 
1.540766 
1.344342 
-0.519204 
1.411514 
1.285053 
1.469973 
1.388418 
1.375591 
1.243204 
0.781088 
1.350836 
1.421999 
-1.466793 
1.570746 
1.447569 
1.367872 
1.455904 
1.504478 
1.424993 
1.140266 
1.331560 
1.418535 
1.405362 
-1.466509 
1.258760 
1.390507 
0.987046 
1.425563 
1.357140 
1.436352 
1.401263 
1.051643 
1.434189 
1.493119 
-1.520705 
1.355132 
1.475341 
1.416746 
1.382597 
0.857465 
1.454780 
1.360995 
1.231467 
-1.551924 
-0.044959 
1.392114 
1.365749 
1.222818 
1.368430 
1.316630 
-1.211487 
1.323622 
1.208888 
1.399818 
1.039100 
1.116742 
1.380137 
0.761783 
1.365547 
1.194501 
1.348273 
-1.339675 
1.478932 
-1.129149 
1.198843 
-1.153485 
1.364261 
1.182112 
1.426510 
1.376099 
1.188534 
1.161155 
1.035245 
1.520811 
1.403486 
0.586000 
1.327164 
-0.744813 
1.403837 
1.423115 
0.858783 
1.335966 
1.433257 
1.369733 
1.500742 
1.370579 
-0.797504 
1.233846 
1.414094 
-1.285459 
1.197093 
1.241608 
1.364964 
1.325628 
1.363882 
1.431805 
1.497102 
1.366775 
1.363324 
1.448653 
1.401984 
-1.536602 
1.359047 
1.137164 
1.070966 
1.337078 
1.354462 
1.507362 
0.668654 
1.374998 
1.335231 
1.148504 
1.023670 
1.331518 
-1.397411 
1.507788 
0.519969 
1.297548 
1.483348 
0.415514 
1.281759 
1.212422 
1.431861 
1.421706 
-1.340235 
-1.540327 
1.350051 
1.268100 
1.449948 
1.193577 
0.303359 
-1.517344 
0.389551 
1.150595 
1.503860 
1.492893 
1.318222 
1.390709 
1.244689 
1.264080 
1.073483 
1.353285 
1.283607 
1.453729 
-1.294296 
-0.838443 
1.213874 
1.423976 
1.360805 
1.376118 
-1.527025 
0.991539 
1.335021 
1.426116 
1.136430 
1.351546 
0.275170 
1.365916 
1.248757 
1.565544 
1.439050 
0.661951 
1.299944 
-1.087559 
1.209999 
1.256109 
-1.244406 
1.560286 
1.144855 
0.883562 
1.374686 
1.355151 
1.445761 
0.858375 
1.350994 
-1.497564 
1.139846 
1.388340 
1.125353 
0.597742 
0.975203 
1.301674 
0.724608 
1.347567 
1.461232 
1.373343 
-0.408299 
1.152207 
-0.865806 
1.384889 
1.238848 
1.115139 
1.543344 
0.674966 
1.369784 
1.439481 
1.496433 
1.499046 
-1.422116 
1.444538 
1.362020 
1.184332 
0.806367 
1.048764 
1.502719 
-1.502327 
1.299037 
1.306442 
1.185057 
1.078770 
0.383014 
1.468688 
1.398050 
1.375727 
1.089650 
1.348685 
-1.089143 
1.392480 
-0.004306 
1.237879 
1.219774 
0.441174 
-0.364585 
1.417145 
1.421485 
1.280723 
1.337972 
1.437409 
0.756035 
1.136055 
1.285732 
1.386126 
1.271040 
1.247974 
1.448969 
1.294480 
-1.492867 
1.260569 
1.365074 
1.261389 
-1.537525 
0.481923 
1.175692 
1.304657 
0.961523 
1.057683 
1.309100 
-0.332365 
1.310434 
1.250464 
0.494103 
1.458615 
1.209763 
-0.727885 
1.544557 
1.277804 
1.267741 
1.512446 
1.466628 
1.414382 
1.050340 
1.289714 
1.403598 
1.238085 
1.530868 
1.443037 
1.456637 
1.283650 
-1.023514 
1.103909 
0.615186 
1.252771 
1.369012 
1.009982 
-1.556519 
0.964478 
1.471598 
1.287118 
1.370199 
1.434719 
1.310360 
0.744399 
1.187828 
1.376977 
-1.556841 
1.368908 
0.354839 
1.364133 
0.698581 
1.366580 
1.334297 
1.385813 
1.467342 
1.359906 
1.386385 
1.210736 
1.186429 
-1.532571 
1.362606 
1.196129 
0.961568 
1.387706 
1.124352 
-1.383273 
1.149391 
1.093467 
-0.467124 
1.298756 
-1.481215 
1.249321 
-1.013139 
1.308851 
1.159056 
1.364189 
-0.050449 
1.110356 
1.149542 
1.538218 
1.367312 
1.147724 
1.326814 
1.064511 
1.431127 
-1.302851 
-0.422279 
1.391618 
-0.465351 
1.306021 
1.495844 
1.341475 
1.247344 
1.124193 
1.234748 
-0.105979 
1.297610 
1.519365 
1.265689 
-0.961517 
1.175914 
1.144055 
-1.174502 
-1.550885 
1.162394 
1.533908 
1.373277 
-1.550360 
0.912215 
1.345470 
1.169022 
1.356455 
1.027078 
-1.174141 
1.358399 
-1.129867 
1.063093 
-1.223465 
-0.064542 
1.116551 
0.649959 
1.106790 
1.233135 
1.158116 
1.356065 
-1.383945 
0.962350 
1.361146 
1.278997 
0.920487 
-0.673330 
-0.072291 
1.536765 
1.127219 
1.041185 
0.842710 
-1.105308 
-0.952231 
0.945694 
1.121859 
0.117585 
-1.169494 
1.544192 
-0.117058 
1.231610 
-1.441738 
0.241302 
0.936545 
-1.385523 
0.489853 
1.421588 
1.333414 
-0.505581 
-0.703572 
1.530332 
1.381300 
-0.628252 
1.178486 
1.407642 
0.736532 
1.342591 
0.999264 
-1.292757 
0.433219 
-0.670853 
1.069123 
1.080561 
1.347074 
0.943495 
1.232223 
-1.145881 
0.195511 
0.928597 
1.331811 
1.346982 
1.477170 
-1.000619 
1.266287 
-1.254381 
-1.418352 
1.357669 
-0.863096 
1.534874 
0.431075 
1.002819 
1.383862 
1.186344 
0.710087 
1.012925 
-0.676358 
0.947676 
-1.407136 
-1.566629 
-1.521330 
-1.131215 
1.242934 
1.112326 
0.249535 
1.227398 
1.262276 
-0.595844 
1.225307 
1.128686 
-1.466890 
0.892089 
1.377039 
0.897792 
1.369660 
1.129524 
1.180697 
1.383174 
0.530248 
1.391595 
1.450456 
-1.359407 
-1.044064 
1.390711 
0.781209 
1.431899 
1.353391 
1.352197 
-0.818085 
0.986767 
1.363019 
1.012010 
-1.568031 
-1.501528 
0.933012 
0.635579 
-1.567429 
-0.013061 
-0.795696 
1.044595 
1.209700 
-1.204766 
-0.301258 
1.529265 
1.201466 
0.329463 
1.456054 
1.199475 
0.629805 
0.873600 
1.279880 
1.168143 
1.162738 
0.116293 
1.057807 
0.983737 
0.235342 
1.040698 
1.262270 
1.432541 
1.027204 
-1.462395 
1.169527 
0.912068 
1.458170 
1.000093 
0.075477 
1.133777 
1.326550 
1.063405 
0.757450 
1.255708 
1.307232 
1.080172 
1.050351 
-1.168159 
1.509915 
1.126318 
0.977658 
1.233582 
1.373454 
1.165609 
-0.072208 
1.296611 
1.536490 
0.802607 
-1.474557 
-1.079428 
-1.349927 
1.506547 
1.177592 
-0.871194 
-0.554161 
1.362666 
0.913996 
-1.122434 
-1.489833 
1.202787 
1.335630 
1.075901 
1.399714 
0.750724 
0.604214 
1.220880 
0.027183 
-1.475022 
1.213735 
0.979465 
0.874117 
0.627786 
1.111662 
1.150254 
0.268418 
0.880959 
1.320462 
-0.014397 
1.304875 
-1.346401 
-1.274307 
0.685522 
1.228768 
0.762478 
-1.485197 
1.063584 
1.068971 
1.498401 
0.751232 
1.351247 
-0.961710 
1.100479 
-0.417149 
0.741363 
0.872187 
1.536282 
1.422215 
-0.976278 
1.551508 
0.165674 
-1.255393 
-1.405707 
1.469862 
0.073466 
-1.346578 
1.112705 
1.027699 
0.865023 
1.534752 
0.928196 
1.032157 
1.195157 
1.176837 
1.500435 
1.199788 
-1.069997 
0.654100 
-1.352813 
-0.214610 
1.399733 
-0.898553 
1.147084 
1.293334 
-1.535661 
0.126697 
1.456570 
1.314079 
-0.036761 
1.302689 
0.811541 
1.219758 
-0.495158 
1.247440 
-1.525060 
1.143889 
1.349618 
1.256423 
1.569297 
1.549336 
-1.148029 
1.071521 
-1.472364 
-0.429610 
0.898793 
0.799869 
0.850224 
0.657397 
0.439154 
1.161849 
1.483347 
1.048806 
1.235373 
1.395848 
-0.903381 
0.694349 
-1.374719 
-0.685475 
0.741824 
0.590427 
1.360526 
1.037163 
1.256355 
1.042826 
-1.506363 
1.393198 
1.356600 
1.154278 
1.044472 
1.478683 
1.181360 
1.164997 
0.920474 
0.243013 
0.385602 
1.190161 
1.535088 
1.082383 
1.048369 
0.508732 
-1.104864 
1.432724 
1.217076 
-1.237691 
1.072580 
-0.703097 
0.795633 
1.148714 
0.933984 
0.611625 
0.739308 
-1.135128 
-1.408732 
1.081332 
1.227104 
1.349730 
0.070019 
0.427176 
1.155023 
-1.423425 
1.526796 
-0.203399 
0.569590 
0.209091 
1.329096 
-1.560072 
1.440910 
1.161593 
0.131774 
-0.050978 
-1.297468 
1.151991 
1.247060 
1.430770 
0.111751 
0.907937 
1.128020 
1.257505 
-1.549466 
-0.477485 
-0.974409 
0.259256 
1.163929 
1.343883 
-1.205825 
-0.943217 
-1.552108 
1.222291 
-0.726724 
-1.317482 
0.595063 
0.451548 
1.089095 
0.185517 
0.498673 
0.908467 
-0.059836 
1.490270 
0.654537 
1.124728 
1.172279 
-0.966720 
1.498982 
0.917729 
1.049008 
-1.205807 
0.254945 
0.839050 
0.236636 
1.427226 
-1.205768 
-1.007467 
-0.393069 
1.497262 
1.298855 
1.247097 
1.194587 
1.487718 
1.194488 
-1.196264 
0.905366 
-1.509384 
1.058028 
1.534786 
0.403698 
1.565160 
1.114491 
-0.847879 
0.640000 
1.213945 
-0.397418 
-1.073949 
-1.383845 
1.170978 
0.866716 
-1.511481 
1.380252 
0.567175 
1.237320 
1.251193 
-1.322464 
-0.934536 
0.582615 
1.302041 
0.085305 
1.076582 
0.601735 
0.807070 
1.404958 
0.592309 
1.151247 
0.419481 
0.914451 
0.780462 
0.984456 
1.537836 
-0.529118 
-1.170767 
-0.121164 
1.120654 
0.540999 
0.814286 
1.497996 
0.415174 
1.198853 
1.145333 
-1.423462 
-1.479847 
1.295411 
-1.554692 
-0.892438 
0.968644 
-0.357773 
-1.181395 
-1.555380 
1.109089 
-1.025389 
1.348987 
1.296864 
0.806071 
1.388698 
1.164223 
-1.138476 
1.418444 
0.681699 
-0.140131 
1.408114 
-1.416790 
0.808786 
0.547299 
-1.007749 
-1.011428 
1.393443 
1.222581 
-0.402080 
1.251385 
1.133643 
1.002988 
1.096884 
0.770673 
-1.348748 
-1.434954 
-0.366800 
1.096234 
-1.478940 
-0.631683 
-0.288096 
1.162719 
0.976683 
1.432804 
-0.514362 
0.698562 
1.360356 
1.063294 
-1.368971 
1.067782 
-1.418964 
1.000410 
-0.706646 
1.065107 
-0.447428 
1.504756 
0.922089 
1.298415 
0.482661 
1.290641 
-0.327046 
-0.817621 
0.965429 
1.053703 
1.252815 
1.013942 
0.731648 
-1.311158 
1.094337 
-1.546585 
1.241017 
0.662498 
-0.306642 
0.684274 
0.613776 
-0.124951 
1.172155 
1.062896 
-1.382927 
1.446717 
-0.379524 
-0.797883 
0.994421 
1.387987 
-0.954995 
1.006522 
-0.352974 
0.399166 
0.362314 
-0.682173 
0.924379 
-1.445266 
1.052033 
-1.476174 
0.692153 
-1.335600 
1.065538 
1.140391 
-1.120737 
1.329661 
0.679433 
0.896776 
-1.430495 
1.374187 
0.634360 
1.258802 
1.190039 
0.371920 
-0.304141 
-0.802802 
1.060381 
1.095178 
-1.076308 
-0.596427 
-1.149422 
1.365940 
0.840039 
1.085448 
-0.702220 
0.615134 
-1.405637 
-1.061384 
-0.893262 
1.042498 
-0.893914 
0.996048 
0.436031 
1.392043 
1.261038 
1.125701 
1.236192 
-1.302033 
0.581574 
1.498715 
-1.397588 
1.185878 
-1.081381 
0.810733 
0.488715 
1.303235 
1.356404 
1.412917 
0.788071 
1.206873 
1.376567 
0.835924 
-0.814208 
0.880216 
-0.034639 
1.293101 
1.056552 
0.316818 
0.916549 
1.518827 
-0.232446 
0.535709 
0.379469 
0.795860 
-1.521972 
-1.231825 
0.445689 
1.111999 
0.984186 
1.118011 
1.456584 
1.393770 
1.504672 
0.947628 
-0.254688 
0.031061 
0.901986 
-0.967331 
0.504635 
-1.542230 
-0.576706 
-1.145335 
-0.197611 
1.346469 
1.471734 
1.299151 
0.940060 
0.877128 
1.004192 
1.330104 
0.883218 
-1.060244 
1.313105 
0.816635 
-0.285075 
0.657264 
-1.146490 
0.045726 
0.716697 
0.796396 
0.943895 
0.545466 
-0.027272 
-0.747438 
-1.404279 
-1.288618 
-0.645019 
-0.015727 
-1.435914 
-0.135523 
1.097096 
-1.102267 
1.540755 
0.115337 
0.686232 
0.868584 
1.545880 
-0.174094 
-0.568701 
-1.377485 
0.579324 
0.812365 
0.437521 
0.746216 
-0.515888 
-1.314263 
0.753614 
-1.044597 
1.222148 
1.349489 
0.670535 
0.920747 
1.312348 
-0.297924 
0.275841 
-0.964856 
-0.230125 
0.905548 
-0.531670 
0.537630 
1.272609 
-1.561014 
-0.950276 
0.493537 
-1.122633 
0.896874 
-1.443655 
1.462345 
0.906797 
1.451470 
-0.029465 
1.267542 
1.337508 
1.216908 
1.341061 
-1.351483 
0.435978 
1.035391 
0.310313 
1.541176 
0.050099 
-0.209732 
1.193816 
1.524183 
-1.361282 
0.980873 
-0.370847 
-0.002874 
0.627986 
1.487661 
0.087013 
-1.424418 
1.291610 
-1.009872 
1.073480 
1.557108 
0.752056 
0.195954 
1.469119 
1.406681 
1.195559 
-0.034589 
-0.833703 
0.586463 
0.174373 
-0.814396 
1.420190 
0.972232 
1.380407 
1.146303 
1.402082 
-1.095040 
1.016258 
0.693672 
0.714541 
1.349864 
-0.300419 
1.442789 
-1.220882 
0.192854 
-0.124350 
0.210630 
0.345688 
0.181975 
1.389986 
1.362910 
1.118955 
1.105280 
0.978800 
0.460808 
-1.265016 
-0.291767 
1.340568 
1.543639 
-1.226531 
-0.878653 
-1.354443 
1.447879 
-0.611147 
1.278839 
-1.152231 
0.197639 
1.321159 
1.080391 
-0.289017 
0.835085 
-1.309357 
1.441163 
0.908592 
1.258215 
-0.795265 
1.121360 
1.313452 
-1.148137 
-0.826625 
-1.271352 
1.138795 
0.415983 
0.654329 
0.365004 
0.240860 
1.463896 
1.346959 
0.711111 
0.482460 
0.965540 
-0.661561 
0.063334 
-1.240719 
0.792105 
-0.972357 
-1.335583 
-1.234511 
0.567442 
-1.539746 
-0.841722 
1.396218 
-0.954601 
1.309541 
1.498133 
0.781868 
-1.256430 
1.557000 
-1.494326 
0.594326 
0.775745 
-1.015995 
-1.094978 
1.073674 
-0.334560 
0.899090 
-0.344454 
1.568368 
-1.276531 
1.392169 
0.151121 
0.717429 
-0.435608 
-1.233668 
-0.803008 
-1.529662 
0.255648 
-1.031874 
-1.209272 
-1.332593 
0.111273 
1.154841 
-0.248699 
0.497186 
-0.683898 
-0.446852 
1.465972 
-0.074934 
1.032455 
-0.103375 
-1.141367 
-0.349918 
-0.243343 
-1.466030 
0.458261 
1.497911 
0.764600 
0.866149 
-1.343076 
0.671863 
0.955696 
-1.145954 
-0.142857 
0.419186 
1.250518 
0.884405 
-0.813764 
-0.120126 
1.155921 
0.076345 
-0.001594 
1.128330 
1.407859 
-0.135062 
-1.090874 
-0.770006 
1.388432 
-1.165888 
-1.099168 
0.167923 
0.446007 
-1.488345 
-0.223099 
1.386054 
0.202540 
1.209890 
0.207382 
1.169309 
1.483979 
-1.570228 
-0.662990 
0.485838 
0.841323 
0.932786 
1.256533 
0.706755 
-1.216416 
-1.021395 
-1.452265 
-1.144019 
-1.450830 
0.494549 
0.731649 
0.737342 
1.558482 
1.147550 
0.533639 
-0.437025 
0.755316 
-0.295088 
-0.880416 
0.148346 
0.211490 
1.342960 
1.262968 
-0.948198 
0.369967 
-0.827365 
0.281414 
0.186276 
-1.562029 
0.498740 
-1.526315 
-0.347911 
-0.209868 
-0.493756 
-0.487029 
-0.830334 
1.132731 
-0.806492 
-1.317362 
1.003154 
-0.525366 
1.145346 
1.099585 
1.233200 
1.125089 
1.277893 
0.050796 
1.368620 
0.285814 
-1.291021 
0.998927 
0.633521 
1.002914 
0.859872 
0.784755 
1.132799 
1.563753 
0.100545 
-0.772533 
-0.705614 
0.053966 
1.322017 
1.459892 
0.707924 
-1.411669 
1.191685 
-1.066095 
1.087517 
-0.445485 
1.066019 
0.659226 
-1.313463 
0.785033 
-0.672420 
-1.486589 
0.362068 
-0.206408 
0.532639 
1.062470 
-0.209804 
1.313996 
-1.117089 
-0.216701 
1.418882 
0.180980 
0.475483 
1.407184 
1.419400 
0.838633 
0.842592 
0.210757 
-0.793964 
1.495722 
-0.883643 
-1.343696 
0.814379 
1.441821 
1.196756 
0.538081 
0.461182 
0.557858 
-1.430397 
0.900340 
1.035932 
0.331441 
-1.351475 
-0.105970 
1.058707 
0.803300 
0.994698 
0.172469 
-0.228548 
0.338318 
-1.551131 
-0.132386 
0.272643 
-0.476011 
0.603958 
-0.033088 
-1.186414 
-1.500390 
0.739071 
-0.565391 
0.302987 
0.465561 
-0.989785 
0.365128 
-1.047556 
-0.887982 
-0.069458 
0.033742 
0.771019 
1.521160 
0.253708 
0.686885 
0.765042 
1.335944 
1.441798 
1.391685 
1.171834 
0.854185 
-0.021317 
0.100659 
0.054426 
-0.489810 
0.923832 
1.222427 
1.476004 
-0.865382 
0.600479 
-1.519711 
1.069244 
-0.766007 
-1.094512 
-0.252498 
1.100332 
0.990700 
1.400031 
-0.622065 
0.961001 
-0.220034 
0.447407 
-1.035672 
-1.415233 
0.851578 
-0.724235 
1.464746 
-1.401193 
0.635059 
-1.338752 
-0.904724 
0.644322 
0.215241 
-0.469171 
1.471635 
-1.346367 
0.698433 
-0.162621 
1.392902 
-1.464203 
-1.240470 
1.053217 
0.919772 
-1.381216 
1.528513 
-1.152122 
0.183331 
1.505611 
0.906056 
-0.908090 
-1.032379 
0.022515 
-0.996967 
-1.352564 
1.177178 
1.059809 
1.335666 
0.151805 
-0.861185 
0.549299 
-0.178584 
-0.049640 
0.187035 
-0.425079 
-0.124791 
0.812794 
-0.981120 
-0.835048 
-0.838071 
-0.500906 
-1.073900 
-1.243698 
0.718951 
-1.234898 
-0.806681 
0.225147 
-0.379099 
0.836136 
-1.068791 
0.693465 
-1.250346 
-1.487351 
0.568059 
0.503584 
-1.325315 
0.908375 
-1.534939 
-0.864680 
0.388478 
1.324416 
-0.488045 
-1.283292 
-0.491250 
1.139249 
-0.681875 
0.455128 
1.227862 
0.755898 
-1.464893 
-1.254248 
-0.241420 
0.237987 
-0.880660 
-0.099245 
0.540325 
-0.200241 
-0.774573 
-1.337207 
-0.848848 
-1.563347 
0.028524 
-0.668715 
-0.006014 
-0.278076 
-0.660529 
-1.071142 
-0.558728 
1.058525 
1.197847 
-0.557456 
0.157447 
-0.740249 
-0.249743 
0.038578 
-0.972647 
-1.458725 
-1.366729 
-0.087002 
-1.355109 
-0.888398 
-0.192405 
-0.185602 
0.539715 
0.940245 
0.734127 
0.995687 
-1.256638 
-0.755911 
-0.810663 
-1.241934 
-1.421648 
0.296715 
0.740366 
1.137989 
1.538476 
0.273154 
0.570752 
-0.952089 
0.738429 
-0.552857 
-0.596494 
0.827106 
-0.324050 
-1.523405 
-1.475542 
-0.716795 
1.356096 
1.307272 
-0.657998 
-0.712780 
0.035859 
-1.132813 
0.950747 
0.987857 
0.660249 
0.138426 
1.237138 
-0.178300 
1.348004 
0.281734 
0.277741 
-0.578529 
-1.028675 
-0.014679 
-0.558280 
-0.621501 
-0.124688 
-1.520101 
-1.141539 
0.052993 
-0.876793 
-0.197509 
0.778087 
-1.297004 
1.096030 
0.193500 
-0.148212 
0.227650 
0.396787 
-0.623770 
-0.883506 
0.071371 
-1.362499 
0.510557 
-0.232281 
1.121977 
-1.154397 
-0.152810 
-1.133440 
0.949116 
0.204944 
0.694771 
-1.132241 
1.179441 
-0.765760 
-0.939359 
1.553650 
0.533537 
-0.747189 
1.566586 
0.367291 
-0.346292 
-0.578726 
0.288499 
-0.094496 
-0.316213 
-0.595502 
0.612421 
-1.411718 
0.486245 
0.016930 
0.507183 
-0.336806 
0.973679 
0.139893 
-0.026599 
-0.907885 
-0.340802 
-0.360720 
1.368959 
-0.327132 
0.774462 
1.074816 
0.323051 
0.824908 
0.959555 
-0.545450 
-0.634901 
-1.076045 
1.267985 
-0.507888 
-1.071659 
0.973268 
1.525876 
-0.519016 
-1.033980 
-0.691455 
-0.967252 
0.757151 
-0.003486 
-0.602305 
1.139143 
-0.542236 
-1.008532 
-0.381664 
0.054154 
-0.452226 
-0.725515 
0.339869 
1.108712 
1.497175 
-0.895389 
-1.447511 
1.466364 
0.841129 
0.568254 
1.510656 
-0.267222 
0.867775 
0.619225 
-0.533803 
-0.376268 
-0.212753 
-0.759011 
-0.645303 
-0.488506 
-0.925479 
-1.045438 
-0.063395 
-0.055070 
-1.567990 
0.222376 
-0.920060 
1.552217 
1.023886 
-0.213893 
-0.097966 
-0.732818 
-1.005209 
-0.622304 
0.159684 
1.244073 
-0.165161 
0.361160 
-1.130207 
1.236083 
-0.358819 
1.432732 
-0.444558 
-0.595994 
0.685275 
0.229740 
-0.791181 
-0.494189 
0.116990 
1.315001 
-1.086977 
-0.442272 
-1.211432 
0.915512 
0.613023 
-0.964281 
-0.705462 
0.057992 
0.242977 
0.898007 
0.671877 
0.565738 
-0.257010 
-1.552548 
0.895505 
0.207440 
-0.188799 
1.113271 
-0.011583 
1.364523 
-0.933825 
0.512458 
1.401028 
0.688480 
1.307441 
0.737052 
1.250346 
0.069684 
-1.161498 
1.350400 
0.042763 
-0.834397 
0.830440 
0.334703 
1.191676 
-1.452710 
-1.210951 
0.083521 
0.468287 
-0.779238 
-0.789188 
-0.050614 
0.359493 
0.235631 
0.206486 
-0.994804 
-0.618583 
-0.627450 
-0.585332 
0.159554 
0.149767 
0.024272 
0.833818 
-1.098077 
0.215420 
1.244645 
-1.024754 
-1.369713 
0.682879 
-0.389614 
-0.206749 
0.000873 
0.170495 
-1.464225 
0.400567 
0.979391 
-1.363504 
0.547421 
0.309044 
1.267906 
-0.514344 
0.115155 
-0.284631 
-0.239645 
-0.215630 
-0.239493 
0.547712 
-0.451785 
0.809992 
-1.396303 
0.329806 
-0.509870 
0.088774 
-0.000183 
-1.416855 
-0.401282 
-0.517965 
-0.840435 
-1.443849 
-0.631550 
-0.235935 
-1.352644 
-0.874433 
-0.625358 
-1.459475 
-1.441433 
-0.098804 
0.041058 
0.395669 
1.048661 
1.049623 
0.318941 
0.117005 
0.149788 
-0.322432 
-0.892738 
-0.997961 
1.243602 
1.238271 
0.880637 
0.600451 
0.152988 
-0.304628 
0.707934 
0.902732 
-0.497201 
1.329703 
-0.149999 
0.241724 
-1.057084 
-0.421623 
-0.216661 
0.098312 
-1.097598 
-0.815942 
-0.808437 
0.322447 
-0.506334 
-0.671427 
-0.843243 
-0.588433 
-1.408224 
-1.555437 
0.025968 
1.275608 
0.850153 
0.369946 
-0.261188 
0.941980 
0.219857 
-1.306393 
-1.224852 
-0.380601 
1.568890 
-0.684970 
-1.321938 
0.549636 
0.460287 
-0.352562 
-0.807003 
-0.615805 
-1.131401 
-0.301820 
-0.417750 
-0.108966 
0.602826 
-0.573762 
-0.208812 
1.471902 
0.680485 
1.307170 
0.010412 
-0.429279 
0.008305 
0.914967 
-0.905492 
-0.121700 
-1.398533 
1.469716 
-0.934208 
-0.845307 
-1.117107 
1.223510 
-0.756237 
1.226269 
-0.856160 
-0.402270 
-0.277419 
-0.392438 
-0.790722 
-1.290162 
-0.645914 
0.208023 
-1.389834 
-0.079406 
-1.118873 
-0.860847 
-1.372731 
-0.644349 
-0.020373 
-1.486404 
-0.650164 
-1.430275 
0.069872 
-0.532212 
-0.545667 
-0.752505 
1.509550 
-0.100282 
1.212260 
-0.896813 
0.599414 
0.812158 
0.344006 
-0.720171 
-0.991695 
1.356025 
0.154772 
-1.290458 
0.361807 
-0.649393 
-0.823280 
-1.142375 
0.677580 
0.070631 
0.691875 
-0.453224 
0.866783 
-1.052295 
0.770640 
-0.367696 
-0.723294 
0.721413 
-0.553049 
0.249593 
0.138776 
-0.547033 
-0.460460 
-0.650866 
-0.133366 
-1.537261 
-0.809375 
-0.222542 
0.273886 
0.786729 
-0.104218 
0.229092 
0.929915 
-1.105474 
-0.820667 
-0.941530 
1.306110 
0.169784 
-0.956276 
-0.293819 
-0.986254 
-0.971406 
0.960633 
0.505619 
-0.423917 
-0.049967 
-0.266624 
-1.294734 
-0.744146 
-1.299092 
-0.288540 
1.081757 
0.469601 
-0.153534 
-0.456505 
-0.789525 
0.929793 
0.354427 
-0.122879 
-0.220070 
-1.552271 
1.349367 
-0.196161 
-0.102518 
0.894154 
-1.074569 
0.369965 
-0.355533 
-1.443220 
0.954790 
-0.317663 
-0.065753 
0.005391 
0.088985 
0.177938 
-1.460468 
-0.052394 
-0.620438 
0.085100 
-0.325102 
-0.723758 
-0.752139 
-0.014653 
-0.282901 
-1.305743 
-0.662508 
0.303414 
-0.726611 
0.067020 
0.536907 
0.629919 
0.648152 
-0.478135 
-0.289871 
0.286568 
-1.551377 
-0.529033 
1.402051 
0.111646 
0.970680 
-0.771036 
-1.345623 
0.942620 
-1.096838 
-0.573182 
0.711746 
-0.276729 
-0.054583 
-0.435515 
-0.394015 
0.363610 
-0.802324 
0.101474 
-0.422996 
1.268261 
0.008986 
0.129291 
-0.608157 
0.016232 
0.393949 
1.210373 
-0.050094 
0.583187 
1.013026 
-0.380738 
-0.837756 
-0.858815 
1.067459 
-0.780977 
-0.082757 
-0.805052 
0.453877 
0.736108 
1.566323 
-1.498661 
-0.528921 
0.633236 
0.167771 
-1.540756 
1.409677 
0.612038 
-0.602584 
-0.897375 
0.734536 
-0.235587 
-1.015948 
0.090147 
0.306490 
-0.232039 
0.696306 
0.407599 
-0.546977 
-0.439047 
-0.530363 
-0.071154 
0.127671 
-0.301748 
-0.192236 
-0.569091 
-0.336465 
-0.440726 
0.183590 
0.254424 
0.247951 
0.320065 
1.520097 
-1.026590 
-0.740294 
-0.743224 
1.123213 
0.853263 
1.037492 
1.377243 
-0.418708 
-0.140083 
-0.488055 
-0.845937 
-0.664813 
0.535844 
-0.332665 
-1.034782 
-0.154617 
-0.310537 
-0.457050 
0.045252 
1.388916 
-0.746027 
-0.649412 
-0.079255 
1.383396 
-0.097449 
0.378855 
-0.442637 
-0.729727 
1.266721 
-0.282903 
-0.850112 
0.944159 
0.084533 
-1.211615 
-0.296709 
-0.313725 
1.177251 
-0.327989 
-0.655636 
0.017700 
-0.539614 
-0.511350 
-0.298666 
1.371278 
-0.851848 
-0.803288 
0.533957 
-1.496275 
0.210760 
-1.011025 
1.103777 
-1.495439 
1.335634 
-0.382405 
-1.436553 
0.071840 
-0.085646 
-1.433487 
0.262993 
-0.262307 
-1.086896 
0.274116 
-0.024817 
-0.874800 
1.120662 
-0.374389 
-0.583970 
0.300024 
-0.515250 
1.428833 
1.477734 
-0.197905 
-0.503805 
-0.692864 
-0.383483 
1.455718 
-0.110279 
0.140321 
-0.246035 
-0.557111 
0.826567 
-0.678278 
-0.828803 
0.376786 
-0.645136 
0.788888 
0.495547 
0.415709 
0.065778 
1.464861 
-1.498674 
0.082931 
-0.079627 
1.318872 
0.915303 
-0.813949 
1.365360 
-0.697290 
0.892424 
0.103603 
0.249973 
-0.701190 
-0.823101 
-1.001170 
0.413504 
-0.603876 
-0.477334 
-0.725505 
0.394630 
-0.458768 
0.727874 
-0.318388 
0.493207 
-0.620854 
1.270581 
-0.037991 
0.092658 
-0.087625 
-0.417062 
0.210429 
-0.039825 
-0.167132 
1.551094 
-0.683096 
-1.139701 
-1.174448 
-0.434699 
0.174628 
-1.005684 
-0.812557 
0.377330 
-0.498310 
-0.176117 
-0.671304 
0.172428 
-0.943623 
-0.131548 
-1.458235 
-0.707977 
0.423057 
-0.492060 
-0.075692 
-0.308051 
0.622757 
-0.510768 
-0.536483 
-0.103135 
0.926430 
-1.309460 
-0.639818 
0.096957 
0.203505 
0.150180 
-0.788776 
-0.277259 
-0.181893 
-0.852839 
-0.668972 
0.425651 
-0.431460 
-0.718712 
-0.350332 
1.244953 
-0.108431 
-0.194716 
1.265695 
-0.670299 
-0.351578 
-0.318676 
-0.454882 
0.206227 
-0.743058 
1.095453 
0.214489 
-0.752009 
0.630096 
0.962779 
-0.170139 
-0.646865 
-0.231216 
-0.984078 
0.657316 
-0.919687 
-0.889425 
-0.507680 
0.557127 
0.543405 
1.474776 
-0.715153 
-0.549513 
-0.136136 
0.271812 
0.129458 
-0.845586 
0.513345 
-1.348560 
-0.409264 
-0.797904 
-0.583408 
-1.070598 
0.429648 
-0.824567 
-0.337203 
-1.435755 
-0.034901 
-0.408558 
-0.293384 
0.012936 
-1.204529 
0.235597 
-0.933143 
-0.449648 
-0.875000 
-1.218821 
-0.195077 
-0.579006 
-0.035883 
0.966341 
-0.421551 
-1.024738 
-0.407016 
1.325401 
-0.820257 
0.662449 
-0.514171 
0.001127 
-1.239017 
-1.057650 
-0.237326 
-0.611458 
-0.241193 
-1.407452 
0.128662 
0.120776 
0.921595 
-0.659766 
-0.553445 
-1.024419 
-0.581390 
-1.271167 
-1.246195 
-0.038185 
-0.432249 
0.705634 
0.620581 
0.062416 
0.253095 
1.434247 
-0.549807 
-0.738774 
-0.177321 
-0.833170 
0.808707 
-0.672429 
1.436163 
-0.912532 
-0.835404 
-0.596646 
-1.400686 
1.464063 
0.548119 
-0.173345 
1.128488 
-0.139119 
-0.773025 
-0.364671 
-0.255971 
-0.030407 
-0.055153 
0.366998 
0.241234 
0.624409 
1.462402 
-1.241556 
1.379031 
-0.080399 
-0.209285 
-0.017214 
0.125173 
-0.089975 
-0.313230 
-1.103608 
-1.194887 
-0.723756 
-0.595131 
-1.531481 
0.341118 
-0.288806 
-0.841882 
1.140164 
0.700941 
-0.109930 
1.331221 
-0.403580 
-1.023248 
-1.231903 
-0.846712 
-0.768898 
1.479255 
-0.860530 
-0.079357 
0.470679 
-0.705240 
0.419171 
-0.350968 
-0.233558 
-0.338249 
-0.314996 
-0.520130 
-0.329406 
-0.181849 
-0.247464 
-0.467202 
-1.440962 
-0.585052 
-0.862414 
0.008231 
0.567006 
0.570676 
-0.804190 
0.359960 
-0.026439 
-0.570611 
-0.697798 
-0.242074 
0.132198 
-0.741661 
0.030551 
-0.290537 
-0.150375 
-0.734521 
-0.657529 
-0.014204 
-0.364960 
0.170629 
-1.152491 
-0.402437 
-0.258650 
-0.280079 
-0.135525 
1.074573 
-0.082568 
0.142010 
-0.414798 
1.291129 
-0.191318 
-0.581780 
1.438740 
-0.902027 
-1.361622 
0.430819 
-0.379673 
-0.695556 
-0.402350 
0.360574 
-0.648865 
-0.259517 
0.156030 
0.668094 
-0.346503 
-0.103388 
-0.124870 
-0.275788 
-0.042413 
-0.460179 
0.671827 
-0.595421 
-1.205677 
1.317359 
-0.059400 
0.943487 
-0.492855 
-0.137204 
-0.362134 
-1.359186 
-0.263169 
-0.686794 
0.926328 
-0.163943 
-0.235908 
-0.303695 
-0.138663 
-0.885037 
-0.578189 
-0.491337 
-0.211787 
-0.743845 
0.304938 
-0.677018 
-0.830663 
-0.838571 
-0.154767 
1.565512 
-0.191056 
-0.621788 
-1.153204 
-0.777223 
-0.246534 
-0.096025 
-0.556401 
-0.188706 
-0.414301 
-0.238928 
0.147859 
-1.086625 
0.493251 
-0.381305 
0.256517 
-0.383894 
-0.032936 
-0.681599 
-0.538492 
1.563063 
-0.351080 
-0.731706 
0.029005 
-0.588252 
-0.588124 
-0.378868 
0.402916 
-1.319347 
-0.741794 
1.237454 
-0.172750 
-0.557480 
-0.629902 
-1.077615 
-0.617867 
-0.169753 
-0.020410 
-0.821523 
-0.023536 
-0.280165 
-0.277412 
-0.727971 
-0.353414 
-0.670066 
-0.549665 
-0.721619 
0.600010 
-1.487653 
0.008523 
-0.804143 
0.648982 
-0.139551 
-0.003804 
-0.115705 
-0.354812 
-0.625412 
-0.974186 
-0.553548 
0.990789 
-0.626836 
-1.138243 
0.060587 
-0.911258 
-0.671955 
-0.806017 
-0.884085 
-0.604623 
0.090339 
-1.189391 
-0.237815 
0.606544 
-0.245745 
0.944503 
-1.120536 
0.318159 
-0.157589 
-1.261469 
-1.378173 
-0.136988 
0.101823 
0.070958 
-0.798196 
-1.447505 
-0.167134 
-0.027177 
-0.514142 
-0.232976 
-0.427326 
-0.236294 
-0.655300 
-0.384580 
-0.557792 
-0.428232 
-0.572124 
-0.437122 
-0.856725 
-0.595403 
-0.401141 
0.195567 
-0.266974 
-0.388194 
-0.684541 
-0.848835 
-0.371349 
0.185968 
-0.286574 
-0.275665 
-0.934246 
-0.909045 
0.852432 
-1.020464 
0.077417 
0.011692 
-0.787982 
-0.651276 
1.118881 
0.282734 
0.060448 
-0.077818 
-0.300501 
-0.387943 
-0.370084 
-1.173544 
-0.175804 
-0.240965 
-0.062080 
-0.425674 
-0.407985 
-0.494842 
-0.653471 
0.504534 
0.715681 
-0.321536 
0.359783 
0.296456 
0.060673 
-0.151189 
-0.393986 
-0.392512 
-0.652235 
-0.431001 
-0.367619 
-0.157028 
-0.533866 
-0.475589 
-0.505546 
-0.421001 
-0.945106 
1.356107 
-0.933527 
0.067067 
-0.240484 
-0.147302 
-0.172337 
-0.254745 
-0.351232 
-0.226557 
-0.278049 
-0.454477 
-0.848595 
0.151740 
-0.303634 
-0.530198 
-0.476196 
0.651256 
-0.218104 
-0.087935 
-0.167801 
-1.092587 
-0.762352 
-0.635637 
-0.307388 
0.355372 
0.244495 
0.306615 
-0.229931 
-0.048653 
-0.264013 
-0.325951 
-0.705298 
-0.298296 
1.010665 
-0.721383 
-0.474166 
-0.450879 
-0.215450 
-0.378176 
0.326722 
-0.588297 
-0.796579 
-0.283904 
-0.257595 
-0.205899 
-0.423432 
-0.809052 
-0.411178 
-0.387957 
-0.471424 
-0.269068 
0.260428 
-0.548796 
-0.354872 
1.153785 
0.132504 
-0.350002 
0.068464 
-0.186098 
1.384282 
-1.098900 
0.142391 
-0.119022 
-1.241876 
-0.290686 
-0.638432 
-0.894510 
-0.429471 
-0.496623 
-0.258700 
-0.327801 
-0.221718 
-0.489574 
1.076712 
0.991899 
0.072532 
-0.211305 
-0.645493 
-0.207176 
-1.189895 
0.054040 
-0.323712 
-0.318430 
-0.546160 
-0.704577 
-0.526114 
-1.351357 
0.099687 
-0.217420 
-0.461342 
0.290204 
-0.419357 
0.669516 
-0.620388 
-0.395984 
-0.214427 
-0.822009 
-0.768607 
0.203752 
-0.471595 
-0.492673 
-0.876691 
-0.496162 
-0.569723 
-0.322085 
0.300543 
0.542521 
0.086826 
-0.392307 
0.922857 
-0.349469 
-0.514003 
-0.838284 
-0.764300 
0.184161 
-0.165330 
-0.308147 
-0.491828 
-0.223701 
0.189216 
1.412976 
-0.724359 
-0.021030 
0.301225 
-1.022635 
-0.756999 
-0.099150 
-0.296161 
-0.334980 
-0.498332 
-0.389504 
-0.325207 
-0.306033 
-0.573262 
-0.321541 
-0.329855 
-0.206696 
-0.624029 
-0.480417 
0.030943 
-0.249756 
-1.025696 
-0.401957 
1.306036 
0.474632 
1.405433 
-0.263353 
0.041786 
-0.013697 
-0.920789 
-0.221043 
-0.079419 
-0.536535 
-1.513429 
-0.228245 
-0.350819 
-0.205760 
-0.131320 
-0.321404 
-0.032919 
-0.908660 
-0.207349 
-0.636076 
-0.538242 
-0.323962 
0.475933 
-0.245611 
-0.152052 
-0.325313 
-0.008797 
0.142898 
-0.206959 
-0.179787 
-0.302391 
-0.258430 
-0.215598 
-0.553867 
0.874321 
-0.373649 
-0.521470 
-0.022862 
-0.202645 
-0.136190 
-0.074134 
-0.889772 
1.057088 
0.464787 
-0.634007 
0.393188 
-0.291191 
-0.296367 
-0.196398 
-0.319932 
-0.679324 
0.432533 
0.139481 
-0.417976 
-0.280822 
-0.395139 
0.007702 
-0.276604 
-0.052037 
-0.247779 
-0.429304 
-0.047941 
-0.078937 
0.280404 
-0.220357 
-0.451574 
-0.176976 
-0.251133 
0.614107 
0.243370 
1.279016 
-0.149434 
-0.546175 
0.128131 
-0.432075 
-0.514071 
-0.212842 
-0.147514 
1.429537 
-0.338147 
0.085894 
-0.233487 
-0.050346 
0.072627 
-0.094651 
-0.219085 
0.093074 
-0.432246 
-0.184673 
-0.258302 
0.648526 
-1.374524 
-0.230013 
-0.371853 
-1.259940 
-0.122410 
-0.286536 
-0.247422 
0.371678 
-0.286670 
-0.578288 
-0.653853 
-0.523744 
-0.277068 
-1.152811 
-0.090460 
-0.258815 
-0.247545 
-0.450813 
0.197665 
-0.205608 
-0.194611 
-0.393097 
0.434934 
-0.036725 
-0.220831 
-0.269121 
-0.199560 
-0.843596 
-0.580002 
-0.558032 
-0.100773 
-0.237236 
-0.262685 
-0.275527 
-0.328358 
-0.303438 
-0.378585 
-0.313442 
-0.285198 
-0.331784 
-0.254012 
-0.173592 
-0.125213 
-0.093033 
-0.102999 
0.012568 
-0.038528 
0.009525 
0.129739 
-0.017429 
-0.668861 
-0.336508 
-0.244372 
-0.269557 
-0.208542 
-0.298202 
-0.266411 
-0.200992 
-0.060778 
0.885644 
0.153812 
-0.351011 
0.000384 
-0.325887 
-0.164451 
-0.257043 
-0.396170 
-0.160833 
0.094182 
-0.834700 
-0.649950 
-0.158183 
0.912937 
-0.094200 
0.083680 
-0.216994 
0.439400 
-0.191794 
-0.184330 
-0.304114 
-0.163463 
-0.304323 
-0.555099 
-0.576953 
-0.165427 
-0.302450 
0.096933 
-0.254463 
-0.293332 
-0.092549 
-0.213518 
0.334913 
-0.264676 
-0.265142 
-0.321128 
-0.284999 
-0.254771 
-0.229973 
-0.587607 
-0.137771 
-0.347859 
0.317703 
0.383287 
-0.199450 
0.207503 
0.103222 
-0.229653 
-0.444851 
0.196070 
-0.496236 
-0.307717 
-0.185934 
-0.290467 
-0.458783 
0.025256 
-0.271041 
-0.286758 
-0.187832 
-0.232095 
0.305894 
-0.345408 
-0.573277 
-0.557873 
-0.271265 
-0.201061 
-1.324657 
-0.718010 
-0.143845 
-0.226824 
-0.208929 
-0.195667 
-0.542200 
0.509837 
-0.347411 
-0.249612 
-0.275639 
-0.230647 
-0.173542 
-0.234332 
-0.222697 
-0.108967 
-0.134844 
-0.324988 
0.891215 
-0.050490 
-0.361551 
-0.260767 
0.047819 
-0.246387 
1.220344 
-0.008339 
-0.187773 
-0.339431 
0.017713 
-0.130779 
-0.215290 
-1.141168 
-0.141214 
-0.242974 
-0.453302 
-0.856945 
-0.027013 
-0.176743 
-0.346958 
-0.387433 
-1.348655 
-0.123771 
-0.130110 
-0.333784 
-0.663388 
-0.589304 
-0.116743 
-0.141160 
-0.161526 
-0.196024 
-0.173528 
-0.205967 
-0.117125 
-1.248627 
-0.635251 
-0.285545 
-0.341150 
-0.253622 
-0.226968 
-0.357987 
-0.221893 
-0.176245 
-0.085257 
-0.444045 
-0.142652 
-0.217830 
-0.254859 
-0.111224 
-0.032290 
-0.093754 
-0.030662 
-0.448328 
-0.455139 
-0.943235 
-0.271458 
-0.115758 
-0.221849 
-0.149260 
-0.087990 
-0.179954 
0.153599 
-0.212291 
-0.127459 
-0.210045 
-0.144864 
-0.306910 
1.263446 
-0.412713 
-0.086455 
-0.119082 
0.322238 
-0.136970 
-0.167478 
-0.085112 
-0.179454 
-0.231822 
-0.132289 
0.042609 
-0.059909 
-0.088290 
0.820149 
-0.388966 
-0.426027 
-0.147704 
-0.122719 
-0.171848 
-0.473972 
-0.285451 
-0.252723 
0.200287 
-0.080088 
-0.129054 
-0.154295 
-0.371135 
-0.771788 
-0.166429 
-0.170202 
-0.162480 
-0.128615 
-0.064259 
-0.148554 
-0.145889 
-0.157862 
-0.026618 
-0.166967 
0.107535 
-0.132959 
-0.255622 
-0.218259 
-0.080529 
-0.305855 
-0.403436 
-0.203533 
-0.229549 
-0.087695 
-0.146245 
-0.330542 
-0.069557 
-0.241086 
1.254802 
-0.092169 
-0.171813 
1.126370 
-0.133182 
-0.096759 
-0.110804 
0.062589 
-0.151681 
-0.227143 
-0.107633 
-0.139856 
-0.210435 
-0.299725 
0.193430 
1.055077 
-0.295482 
-0.360693 
-0.178470 
-0.306322 
-0.121203 
-0.232150 
-0.247004 
-0.152241 
-0.172790 
-0.063402 
-0.083657 
-0.078255 
-0.317143 
-0.219268 
-0.168161 
-0.301360 
0.232580 
-0.128866 
-0.153347 
-0.199785 
0.137402 
-0.122246 
-0.219580 
0.426207 
-0.296452 
-0.224192 
-0.596216 
-0.288241 
-0.187878 
-0.100721 
-0.176732 
-0.215231 
-0.089909 
-0.163350 
-0.160833 
0.511882 
-0.200506 
-0.220073 
0.116564 
-0.195871 
-0.017826 
-0.329759 
-0.197310 
-0.163479 
-0.172028 
-0.041643 
-0.067678 
0.125975 
-0.190146 
-0.119948 
-0.173083 
-0.226634 
-0.102726 
-0.162805 
1.114565 
-0.095028 
-0.285315 
-0.154700 
-0.194346 
-0.057699 
-0.200389 
-0.090443 
-0.119533 
-0.169099 
-0.183492 
-0.154930 
-0.056884 
-0.059393 
-0.297194 
-0.799550 
-0.159148 
-0.108596 
-0.152124 
-0.089285 
-0.077668 
-0.143219 
-0.088435 
-0.046497 
-0.042944 
-0.161589 
-0.129618 
-0.193889 
-0.149267 
-0.145701 
-0.065061 
-0.739142 
-0.214423 
-0.491363 
-0.111128 
-0.137579 
-0.174167 
-0.197276 
-0.144031 
-0.232466 
-0.113217 
-0.124759 
-0.307991 
-0.084591 
-0.134776 
-0.147337 
-0.120913 
0.069229 
-0.124907 
-0.155608 
-0.250869 
-0.151388 
-0.212675 
-0.171476 
-0.117229 
-0.085535 
-0.168141 
-0.142223 
-0.073621 
-0.093490 
-0.132644 
-0.068220 
-0.149652 
-0.154213 
-0.146155 
-0.133395 
0.131953 
-0.134149 
-0.745612 
-0.156427 
-0.206292 
-0.139116 
-0.389819 
-0.147657 
-0.148081 
-0.194401 
-0.126471 
-0.331173 
-0.120986 
-0.092417 
0.025083 
-0.152071 
-0.072552 
0.013820 
-0.104754 
-0.103888 
-0.102898 
-0.111851 
-0.141755 
-0.149043 
-0.050009 
-0.129249 
-0.137435 
-0.167885 
-0.131965 
-0.148191 
-0.111619 
-0.128863 
-0.131203 
-0.124305 
-0.092477 
-0.148836 
-0.137256 
-0.102715 
0.012644 
-0.216297 
-0.134442 
-0.160099 
0.184972 
-0.065730 
-0.093254 
-0.107842 
-0.224721 
-0.141529 
-0.076735 
-0.111255 
-0.121442 
-0.136464 
-0.110245 
-0.113138 
-0.102386 
-0.137281 
-0.176703 
-0.110971 
-0.091492 
-0.065665 
-0.055035 
-0.025213 
-0.110146 
-0.198613 
-0.121368 
0.044837 
-0.159205 
-0.089194 
-0.145040 
-0.193509 
-0.105890 
0.637406 
0.044017 
-0.113566 
-0.098138 
-0.090503 
-0.111050 
1.335590 
-0.122828 
0.961800 
-0.088436 
-0.167215 
-0.098810 
-0.087654 
0.020519 
-0.098457 
-0.141773 
-0.145044 
-0.102196 
-0.065614 
-0.152802 
0.243556 
-0.099576 
-0.253609 
-0.037597 
-0.093540 
-0.117088 
-0.128512 
-0.081436 
-0.097746 
-0.093345 
-0.025039 
-0.109975 
-0.079225 
-0.068814 
-0.085108 
-0.104071 
-0.084059 
-0.091503 
-0.095062 
-0.084438 
-0.079876 
-0.115556 
-0.092418 
-0.086895 
-0.145353 
-0.114399 
-0.082204 
-0.055353 
-0.115579 
-0.070299 
-0.075298 
-0.076281 
-0.109492 
-0.048465 
-0.075329 
-0.062207 
-0.053415 
-0.063795 
-0.035577 
-0.084786 
-0.102339 
-0.083236 
-0.087896 
-0.094922 
-0.074677 
-0.077328 
-0.074685 
-0.059130 
-0.131241 
-0.102993 
1.541840 
-0.079929 
-0.053632 
-0.108051 
-0.064711 
-0.065256 
-0.064694 
-0.078848 
-0.076232 
-0.089992 
-0.061756 
-0.062418 
-0.087794 
-0.124268 
-0.072218 
-0.080672 
-0.067609 
-0.059764 
-0.054090 
-0.063110 
-0.076459 
-0.084081 
-0.075503 
-0.071340 
-0.071791 
-0.057125 
-0.055935 
-0.019800 
-0.046832 
-0.063287 
-0.065346 
-0.065993 
-0.063932 
-0.050564 
-0.053481 
-0.069334 
-0.077516 
-0.085444 
-0.069891 
-0.060734 
-0.060313 
-0.037090 
0.102480 
-0.029212 
-0.048808 
-0.061595 
-0.051996 
-0.051983 
-0.057072 
-0.057738 
-0.059993 
-0.060462 
-0.061552 
-0.058908 
-0.053329 
-0.051181 
-0.064725 
-0.067049 
-0.060848 
-0.063168 
-0.054583 
-0.050759 
-0.053984 
-0.053517 
-0.053900 
-0.059847 
-0.054617 
-0.051308 
-0.042649 
-0.052430 
-0.043087 
-0.032499 
-0.049573 
-0.029014 
-0.044385 
-0.044085 
-0.082967 
-0.040069 
-0.042290 
-0.045255 
-0.066811 
-0.040647 
-0.041838 
-0.043063 
-0.020176 
-0.034146 
-0.041729 
-0.385672 
-0.025291 
-0.040247 
-0.038672 
-0.039558 
-0.040621 
-0.037456 
-0.037074 
-0.039145 
-0.034157 
-0.036493 
-0.042336 
-0.050177 
-0.034616 
-0.031594 
-0.032569 
-0.024136 
-0.027878 
-0.036827 
-0.016503 
-0.030258 
-0.030871 
-0.028459 
-0.040214 
-0.148621 
-0.028734 
-0.028670 
-0.029313 
-0.028213 
-0.027821 
-0.030465 
-0.030185 
-0.029167 
-0.025632 
-0.026960 
-0.029028 
-0.023446 
-0.005384 
-0.026052 
-0.015570 
-0.023732 
-0.036499 
-0.022547 
-0.022896 
-0.023338 
-0.024961 
-0.024520 
-0.022729 
-0.107030 
-0.021091 
-0.021218 
-0.020297 
0.002251 
-0.016494 
-0.021151 
-0.024623 
-0.018744 
-0.017738 
-0.017786 
-0.016613 
-0.016861 
-0.016101 
-0.020658 
-0.015953 
-0.016132 
-0.015162 
-0.014594 
-0.014504 
-0.014717 
-0.012529 
-0.013133 
-0.011553 
-0.010964 
-0.012346 
-0.011334 
-0.011529 
-0.011589 
-0.011574 
-0.010065 
-0.009887 
-0.007992 
-0.008624 
-0.008223 
-0.007694 
-0.007408 
-0.007005 
-0.006734 
-0.006278 
-0.005895 
-0.007858 
-0.005072 
-0.004737 
-0.004020 
0.001120 
-0.003580 
-0.003204 
-0.002719 
-0.002228 
-0.001946 
-0.001574 
-0.001176 
-0.000785 
-0.000394 
