0.000000 
0.927852 
1.599157 
0.187899 
1.868671 
0.451530 
0.078347 
0.812414 
0.285024 
0.376529 
0.008530 
0.092831 
0.652220 
0.909514 
0.031868 
0.433324 
1.759118 
0.650983 
0.681981 
0.637843 
0.274999 
0.876269 
1.453978 
0.067719 
0.145322 
0.743231 
0.103904 
0.013994 
0.045159 
0.997108 
0.434629 
0.316022 
0.118334 
0.821281 
0.233002 
0.046064 
0.401789 
0.490824 
1.666430 
0.572426 
0.668655 
0.167134 
0.335912 
1.961769 
1.278115 
2.713369 
1.887903 
1.902661 
0.026136 
0.290957 
0.341061 
0.077347 
1.820349 
2.909974 
1.385340 
0.003767 
0.762210 
0.798057 
0.429992 
1.257356 
1.114277 
0.535718 
0.402602 
2.873428 
0.211909 
5.502438 
0.065286 
1.747210 
1.858753 
1.707657 
1.420024 
2.957010 
0.943567 
5.279085 
1.193326 
2.452484 
2.023942 
7.133804 
4.362316 
0.021958 
1.600387 
5.089709 
3.200017 
2.381841 
1.492347 
4.213383 
1.454996 
2.903445 
7.850714 
3.748929 
4.876049 
0.269307 
2.343749 
2.000164 
2.350242 
4.704773 
9.230487 
6.266865 
8.686314 
16.524689 
10.026745 
4.684159 
3.323574 
0.214722 
7.936306 
7.710599 
1.662516 
17.126345 
18.150673 
4.426495 
1.081634 
34.126770 
34.635494 
31.309834 
4.577212 
14.097298 
2.240022 
6.164661 
6.067923 
7.163995 
10.653414 
5.809637 
13.759301 
38.259102 
2.542302 
19.026634 
24.121660 
52.263725 
95.006409 
184.278381 
68.508514 
214.071732 
391.701080 
535.215942 
644.743652 
1718.888794 
1312.437988 
605.360413 
168.247787 
155.623337 
267.237946 
163.639008 
196.181061 
258.461884 
129.710266 
176.364655 
24.019852 
47.064285 
3.204035 
35.400845 
165.498932 
232.652725 
45.370262 
19.703732 
57.989231 
62.599628 
99.450241 
56.853764 
120.684784 
47.300533 
51.704483 
44.192585 
56.289486 
13.773745 
60.515652 
41.513645 
50.559841 
6.178283 
48.006603 
23.439959 
48.783314 
48.184483 
14.459729 
27.234543 
18.700357 
19.375681 
39.890144 
8.017264 
3.003896 
30.836031 
43.615189 
10.203911 
13.980503 
34.438076 
12.119823 
54.369408 
16.102934 
6.298823 
15.341755 
25.661066 
0.154170 
11.262555 
8.879585 
20.682999 
46.182014 
11.096851 
21.379646 
9.041928 
31.510448 
12.834235 
11.433130 
27.012093 
1.764690 
2.051360 
3.888814 
8.418527 
30.154985 
8.508967 
17.062096 
43.378803 
5.028916 
19.680326 
13.698087 
15.838080 
27.064764 
23.125929 
11.605334 
80.975388 
34.020779 
20.586599 
30.401327 
28.247965 
68.648270 
31.498930 
37.540970 
10.551954 
51.906975 
20.903107 
17.533859 
11.894573 
3.969308 
5.232218 
8.761554 
7.951760 
6.804020 
17.232334 
16.582893 
4.008993 
1.439493 
30.780752 
1.228819 
4.853324 
5.754735 
14.971420 
3.791736 
8.720976 
18.628338 
2.629648 
14.246663 
24.031908 
10.890435 
59.897675 
0.562837 
10.444732 
0.381084 
44.436619 
55.354694 
74.623077 
73.258202 
6.534736 
1.721470 
48.021469 
20.262842 
42.557331 
194.137192 
140.010773 
55.849022 
465.010529 
83.731064 
497.630371 
48.638321 
87.058769 
205.903168 
165.922226 
114.079849 
13.741322 
51.633614 
45.922241 
74.201630 
113.210770 
58.068226 
46.504559 
59.127190 
12.283435 
22.385466 
6.286045 
65.273338 
28.993145 
11.183037 
2.572530 
11.626204 
18.376091 
4.580399 
7.205678 
27.015223 
19.518787 
16.083473 
46.397030 
30.877396 
38.595535 
10.625622 
18.799459 
27.556213 
22.956602 
6.253609 
15.187737 
12.369291 
11.444942 
10.995978 
8.266024 
43.279949 
9.515227 
18.199045 
28.084875 
4.974890 
4.957046 
8.062713 
2.736346 
10.573999 
28.156431 
2.347453 
10.386934 
4.677202 
11.224689 
12.380094 
1.391522 
21.267042 
3.189595 
6.703856 
0.918536 
12.471009 
0.307245 
1.932461 
11.179747 
4.069561 
8.872852 
5.374475 
11.551117 
6.325576 
4.238586 
5.110902 
3.983920 
6.719761 
11.291936 
7.135532 
2.442601 
9.075845 
3.980983 
8.115449 
6.846195 
1.838041 
9.279346 
8.444848 
6.638898 
6.896042 
2.605014 
3.979806 
11.298915 
2.055867 
10.693680 
6.793715 
7.515618 
5.253927 
8.994350 
1.463389 
3.774266 
0.509731 
4.855929 
2.506099 
5.747222 
5.940374 
9.686636 
12.066919 
5.195146 
5.315193 
3.977171 
13.569467 
7.097187 
4.012515 
15.272132 
8.153853 
6.955110 
1.657300 
9.159611 
12.215417 
12.177155 
41.070408 
12.701830 
29.700815 
22.996195 
21.991301 
22.418119 
16.586905 
13.279874 
80.578072 
15.880559 
5.437383 
5.336524 
102.244339 
85.790604 
118.422920 
177.796890 
54.023201 
209.642120 
30.663652 
65.952705 
51.390045 
202.921341 
216.459167 
174.493393 
36.867870 
26.747679 
12.770259 
13.143723 
49.997749 
24.207943 
5.932791 
78.963562 
73.034302 
28.806335 
34.333004 
4.485789 
33.395138 
5.821623 
0.258675 
5.995800 
15.348701 
23.762310 
3.863573 
33.334442 
28.892376 
6.448008 
16.900524 
15.449375 
29.445354 
7.436558 
12.928088 
24.704210 
32.163040 
23.382156 
15.195321 
28.061876 
8.479218 
27.624687 
22.706751 
33.182835 
18.278105 
31.043453 
10.767704 
43.109451 
5.158774 
5.178335 
2.608603 
3.846869 
5.241238 
44.353592 
27.420498 
22.981627 
15.200287 
37.060074 
2.829150 
9.855520 
15.245231 
25.704765 
1.688728 
41.268993 
4.972198 
1.323697 
6.283681 
29.710920 
8.144176 
43.412838 
9.351574 
21.426275 
25.791008 
8.707316 
14.389211 
16.929569 
13.641732 
18.970716 
16.605350 
7.163861 
3.916078 
9.949926 
6.306404 
28.131823 
12.539008 
1.098710 
8.216161 
8.950009 
4.016381 
15.375327 
2.835679 
4.058954 
7.031470 
11.089173 
6.886252 
1.834204 
19.652664 
6.337757 
0.879081 
7.402119 
5.013457 
1.971011 
3.301125 
2.151292 
1.867984 
11.239832 
9.964759 
2.356606 
17.331177 
19.000868 
4.412697 
5.992275 
17.176865 
11.563528 
8.362454 
23.458431 
15.891393 
24.079807 
1.820195 
30.735077 
25.925861 
44.828350 
59.670357 
47.096462 
10.020325 
152.717789 
133.275223 
199.984283 
108.577415 
97.478111 
171.317352 
7.134820 
119.414169 
82.892532 
41.299053 
104.425674 
115.225349 
66.375969 
123.393486 
82.965584 
61.574200 
22.097103 
124.306999 
124.441002 
71.940758 
20.088428 
48.979778 
28.097765 
20.805340 
7.211448 
2.256963 
3.087448 
38.260963 
61.806568 
49.272930 
49.109371 
79.317062 
36.806545 
24.960520 
9.019670 
5.989728 
11.493292 
18.452991 
13.906470 
3.084297 
14.363614 
6.598314 
25.438454 
12.086392 
3.173430 
7.125078 
15.563738 
14.461392 
1.654760 
8.946078 
11.866269 
6.699001 
7.955948 
16.560501 
4.569026 
0.916429 
7.846258 
2.359293 
4.299831 
4.359169 
2.603998 
1.011418 
1.634763 
3.242621 
5.843567 
4.243076 
4.794853 
9.544600 
3.902335 
1.300470 
3.405457 
3.245220 
0.840948 
1.867445 
6.521154 
6.043595 
7.533081 
7.023127 
0.885500 
0.488107 
3.965759 
4.094629 
1.187921 
0.250608 
1.679108 
0.679101 
1.441991 
5.102796 
2.089245 
2.514716 
0.590663 
1.403653 
6.889778 
3.121033 
3.618425 
1.643544 
1.927929 
2.218215 
3.826136 
0.532629 
1.203261 
5.419922 
0.671168 
0.956107 
1.316856 
0.830494 
0.330069 
1.190022 
3.347507 
5.354164 
2.258025 
10.486859 
1.889361 
0.644055 
5.679371 
2.325199 
1.092948 
4.162016 
2.486968 
5.385632 
8.182886 
4.569218 
3.484378 
10.095997 
6.231555 
12.538993 
12.780984 
25.034775 
4.274168 
12.088265 
17.348885 
24.924358 
4.113380 
45.929504 
13.312334 
9.397873 
21.259686 
85.485130 
7.716837 
71.111847 
22.363493 
98.068367 
46.115120 
46.421490 
20.496065 
3.937486 
28.334400 
36.177139 
47.197113 
5.240974 
11.456845 
3.464839 
20.602301 
30.607695 
9.474711 
17.232126 
11.788884 
20.078215 
30.215916 
20.663208 
28.711946 
32.134018 
33.445808 
31.313337 
25.957743 
17.408060 
28.305990 
20.418072 
17.946302 
13.616425 
10.124477 
14.426414 
12.522274 
6.294831 
1.431641 
3.199666 
2.051677 
1.794491 
6.637531 
10.333608 
6.323345 
4.514618 
1.448856 
5.206012 
7.586022 
8.422157 
2.458491 
4.150412 
6.962714 
9.666890 
4.085789 
0.835682 
5.725557 
2.626615 
1.739299 
2.977440 
6.603997 
0.778709 
4.523295 
1.130229 
2.594206 
0.144754 
4.508922 
2.811884 
1.022485 
0.526315 
3.076711 
4.952539 
2.465501 
0.814102 
6.106172 
0.902114 
0.948847 
1.483104 
4.614757 
1.401476 
2.094205 
0.140607 
1.221226 
5.902792 
1.581679 
1.825608 
2.340969 
1.025615 
3.400614 
0.593390 
0.835475 
2.211323 
3.911841 
14.237909 
28.985367 
151.613403 
4.786975 
3.687414 
4.994294 
2.541441 
1.550049 
1.314039 
4.446620 
2.473720 
4.159406 
2.528981 
3.009864 
1.399666 
0.728588 
2.507952 
5.059371 
6.293364 
15.116452 
1.434128 
2.753414 
1.497582 
4.131534 
0.194304 
2.527254 
12.910717 
13.757401 
21.754196 
18.732038 
4.756819 
20.942089 
3.444130 
21.581448 
24.125584 
50.555893 
43.467323 
66.789192 
51.849072 
31.505814 
20.769905 
12.947092 
32.211830 
39.042221 
6.085633 
40.381390 
34.599728 
30.053944 
35.421032 
9.537486 
31.865158 
23.035200 
45.491177 
20.563927 
19.910299 
26.084724 
7.820478 
30.188080 
22.367048 
12.738129 
10.036825 
19.264103 
6.977959 
12.839003 
1.893327 
1.347970 
0.868341 
9.964711 
7.537054 
15.292466 
2.624683 
10.182524 
1.723312 
4.650126 
13.059962 
19.145782 
7.050832 
16.979740 
24.342583 
12.396554 
2.692982 
12.623770 
12.589896 
6.049520 
5.128461 
1.786296 
1.512950 
4.109345 
3.207299 
0.592344 
0.636309 
6.601774 
4.402698 
6.533793 
2.685225 
4.221260 
3.906267 
4.694359 
1.297638 
9.358124 
0.662980 
3.248963 
2.485034 
2.000517 
2.674675 
4.865170 
2.170925 
1.333626 
1.693031 
2.339252 
1.926001 
0.365179 
1.129971 
0.758494 
7.865112 
2.460275 
1.246953 
1.155324 
3.567814 
0.655650 
5.551845 
6.435559 
3.896423 
0.127284 
0.851270 
1.834285 
4.637063 
6.311999 
4.484294 
1.306986 
1.740202 
3.467742 
1.432876 
2.727516 
3.466201 
1.292963 
0.650468 
0.762887 
0.298717 
3.501833 
5.597970 
6.039372 
4.551630 
3.497126 
3.415853 
9.509089 
2.468220 
4.566937 
7.994528 
4.210162 
0.757113 
5.127907 
12.226698 
12.829597 
7.145168 
1.744922 
4.296857 
7.835275 
5.390379 
19.236614 
6.112046 
33.796780 
18.758503 
16.329956 
18.428699 
18.373344 
11.925046 
31.604511 
24.698460 
19.039150 
16.700188 
22.990358 
80.536270 
10.612465 
59.026768 
20.847958 
21.706190 
50.125957 
12.361264 
45.545555 
59.729111 
49.928802 
12.232553 
18.697590 
26.113445 
15.915633 
14.591992 
19.286510 
14.990729 
8.880772 
9.489925 
21.889639 
28.760904 
5.596702 
17.678978 
18.355396 
16.105515 
5.469383 
16.356945 
35.324539 
38.999928 
60.499557 
52.989422 
31.501259 
29.779232 
26.085440 
33.305782 
4.740091 
12.292934 
9.163430 
5.952774 
24.845415 
27.257572 
25.614624 
12.530146 
9.946875 
15.647498 
7.049932 
5.421313 
11.865765 
16.630621 
8.392002 
6.669144 
2.905607 
2.567554 
4.095366 
4.680575 
5.009450 
11.958824 
17.602531 
14.354815 
9.536186 
6.702208 
5.794406 
3.965504 
2.821217 
12.894964 
13.942158 
22.392424 
16.079306 
9.201243 
44.729771 
3.076113 
5.430736 
3.755223 
3.449775 
0.544268 
0.759155 
1.481385 
3.766637 
2.371553 
12.961283 
18.199677 
3.693732 
4.934898 
5.729186 
6.615409 
10.755052 
8.638534 
8.619964 
4.899543 
2.779138 
0.776507 
12.300220 
5.864956 
9.957638 
4.268522 
8.440099 
2.860286 
9.770990 
6.619312 
10.307617 
10.396661 
4.777277 
5.725117 
2.182052 
2.808853 
7.895429 
8.853507 
9.224079 
5.225415 
3.264127 
11.123926 
9.831421 
2.836620 
8.233198 
6.788138 
18.041454 
5.842224 
12.530828 
12.138954 
30.732922 
7.908989 
22.334354 
14.882606 
21.240156 
13.353401 
18.990414 
42.986443 
13.542970 
20.631788 
23.334492 
25.129269 
62.255497 
39.493206 
39.458508 
36.586834 
33.627876 
42.792549 
17.979856 
17.108215 
7.474785 
21.988180 
40.261047 
52.262959 
57.567638 
55.570801 
109.047646 
37.622978 
43.976738 
24.335140 
60.385120 
40.208248 
17.018730 
7.723640 
38.818172 
16.838364 
50.257587 
10.235298 
26.806948 
9.075734 
11.064063 
16.473061 
21.236687 
12.775819 
22.343918 
23.331163 
12.889767 
5.163910 
6.944459 
13.824010 
3.710996 
21.987852 
2.887375 
10.274662 
8.903193 
7.518167 
7.051230 
10.649430 
14.161139 
7.260358 
4.772881 
15.552501 
10.499089 
8.553111 
6.854123 
16.754820 
4.236672 
1.931748 
7.697552 
3.293396 
4.492208 
4.305740 
2.644554 
4.248856 
1.475225 
9.860818 
2.323963 
5.953450 
10.250396 
6.233499 
12.032672 
3.031599 
0.240054 
5.059056 
3.014612 
1.300084 
2.933857 
6.670730 
2.753834 
0.590739 
6.274636 
0.506577 
0.293964 
4.489719 
1.016157 
1.531640 
2.817399 
1.220689 
2.655316 
1.314540 
1.642335 
2.052985 
3.123019 
3.218498 
1.880268 
3.403434 
2.746694 
2.663337 
8.811539 
1.813639 
0.668739 
4.169145 
2.997926 
3.854050 
4.771038 
3.005039 
7.350021 
3.708990 
3.436041 
1.733942 
4.613417 
8.503918 
5.274536 
5.587641 
3.682768 
2.591151 
10.305619 
3.901925 
11.621432 
18.026962 
25.097486 
31.174446 
17.035427 
16.085329 
31.342724 
19.315834 
7.789328 
24.512417 
29.845497 
16.515318 
14.337804 
12.418322 
10.712934 
32.316338 
18.444525 
28.161633 
5.156718 
14.158418 
33.435253 
43.174377 
9.400327 
23.424480 
26.820408 
69.844261 
26.475986 
53.544155 
28.709322 
25.469669 
45.059628 
6.455262 
15.972464 
26.881149 
40.962658 
21.087082 
9.460064 
25.282162 
34.073746 
8.323277 
25.332603 
12.387302 
7.039054 
27.048847 
22.638840 
9.854492 
7.466520 
2.826563 
11.648700 
5.294220 
14.887633 
23.131594 
2.726957 
9.143833 
19.505129 
24.723713 
18.479719 
8.069373 
17.248652 
12.215664 
9.433316 
4.384903 
7.967929 
6.090558 
4.402067 
16.625771 
15.235049 
10.958799 
0.908966 
3.339451 
3.067110 
1.815846 
2.017122 
2.704914 
2.197855 
5.378570 
4.684424 
2.426165 
4.395092 
0.715026 
1.007216 
4.735981 
1.131412 
5.971408 
0.595544 
1.168841 
4.757252 
2.461678 
1.017530 
3.793007 
1.914535 
3.178842 
2.786803 
7.781027 
1.574962 
6.587587 
2.532706 
1.544711 
0.741610 
2.374773 
1.039943 
1.949895 
5.387674 
3.019456 
1.042164 
2.666814 
1.604630 
2.967376 
2.034431 
2.121072 
1.300725 
5.297774 
1.779804 
5.622535 
1.160444 
1.869353 
1.879848 
3.209565 
2.050269 
3.094080 
4.830135 
0.287711 
3.244420 
2.366740 
0.286674 
2.181311 
5.572879 
2.651077 
0.698299 
1.972836 
1.936290 
2.363982 
0.100830 
3.980673 
0.811200 
4.037969 
1.466853 
1.137075 
1.500136 
0.617764 
1.069449 
3.251447 
4.513041 
4.535776 
5.470824 
1.663506 
3.393739 
6.863941 
12.265261 
1.935881 
4.642467 
4.927052 
3.711198 
6.976012 
6.663819 
0.779526 
7.476583 
10.707353 
10.473518 
4.720720 
2.718893 
7.561002 
7.671424 
4.079370 
5.227068 
8.242116 
6.036614 
5.921531 
5.854137 
5.685629 
2.317387 
3.248247 
4.652639 
2.896000 
5.201887 
7.044784 
11.281446 
8.499354 
16.777664 
4.666676 
9.976773 
5.878093 
11.845240 
6.085218 
2.067957 
4.147108 
4.291932 
2.275496 
1.945872 
4.600217 
6.539838 
3.675005 
1.396765 
7.116243 
1.375473 
2.187773 
1.489850 
1.698677 
0.586215 
0.160668 
1.411514 
0.299480 
1.026933 
0.410820 
0.884970 
1.825508 
0.384539 
1.075581 
0.760745 
0.274178 
0.514183 
0.454250 
1.292555 
1.650715 
1.214445 
1.549981 
0.785809 
0.483950 
1.924351 
0.137607 
2.788244 
1.384583 
1.404001 
0.574030 
2.861255 
1.271309 
3.477635 
2.894596 
2.318653 
1.725897 
2.239497 
1.402038 
2.063575 
0.717309 
1.961530 
0.886774 
0.738769 
1.392852 
0.438834 
2.873223 
1.450680 
0.654061 
1.493229 
1.108267 
0.295703 
0.856942 
1.360650 
0.398658 
0.635284 
3.061777 
2.008370 
0.718097 
3.136664 
2.525037 
0.435482 
2.641187 
2.400626 
2.131395 
5.833418 
2.729918 
8.017425 
8.061120 
0.337486 
2.323024 
0.745816 
1.400142 
5.405423 
2.209602 
3.113024 
1.375036 
2.681895 
2.340397 
3.972623 
4.047670 
0.753427 
3.856770 
2.852503 
6.450161 
5.449060 
5.915874 
4.694950 
3.739316 
3.018895 
4.521282 
4.409087 
2.908740 
4.944177 
5.404050 
3.810216 
4.044136 
14.881447 
17.319572 
5.565124 
14.100456 
10.970667 
13.078641 
8.679986 
16.361538 
9.094272 
13.416754 
4.224120 
3.695608 
11.425249 
8.743325 
6.829776 
16.470768 
10.296165 
3.503562 
0.411524 
10.331560 
5.892736 
22.681656 
2.810173 
11.278948 
7.730444 
25.524714 
9.694525 
13.212528 
9.176038 
8.282048 
16.708406 
12.575130 
14.439241 
6.970094 
7.077398 
2.125662 
6.344353 
9.387635 
6.013214 
11.327271 
19.220900 
14.799068 
6.322093 
0.582318 
2.002373 
0.802977 
2.270118 
2.552512 
4.415289 
2.959104 
3.264184 
1.459870 
2.765438 
0.757878 
3.198497 
1.716835 
2.751816 
2.251551 
1.176838 
1.734374 
4.731892 
2.249336 
0.830299 
1.978038 
2.794308 
1.836222 
2.884452 
1.599970 
3.381771 
3.110076 
8.314375 
3.353549 
8.612336 
2.134252 
1.500719 
4.247321 
5.128349 
5.185907 
6.414082 
4.682754 
0.508928 
4.039014 
2.633302 
7.353799 
3.731785 
2.670425 
3.985756 
1.907584 
2.357835 
0.723906 
5.020737 
3.202504 
6.241488 
2.599166 
5.694335 
0.950609 
1.467429 
4.887550 
5.752738 
2.043402 
5.610643 
7.683009 
2.895322 
1.551229 
2.744386 
2.735385 
4.219500 
0.726908 
2.535259 
0.550438 
1.939315 
0.871120 
2.902067 
1.739400 
6.693580 
7.889846 
2.299383 
1.802867 
3.436309 
8.122302 
7.313763 
1.825142 
11.074693 
5.646026 
7.009902 
9.504199 
6.676844 
12.162472 
6.190870 
2.432180 
11.206537 
6.079354 
0.641676 
15.876929 
11.908081 
2.832945 
11.764390 
7.165796 
8.440603 
4.273096 
13.394220 
17.459316 
3.323728 
2.234970 
2.957915 
4.689297 
3.008414 
10.322038 
7.872756 
3.198399 
2.591929 
2.729651 
4.460619 
1.594444 
4.882221 
1.318226 
8.066268 
7.151772 
4.393334 
7.531371 
10.552602 
12.607345 
3.610250 
5.879036 
6.589263 
3.326767 
3.654916 
4.573508 
1.087254 
3.723161 
7.745163 
5.555130 
5.613559 
5.792402 
5.386101 
2.837783 
2.463229 
2.927402 
2.402892 
3.402252 
0.662075 
0.775113 
0.906872 
3.140879 
0.607161 
1.458763 
2.813459 
1.231812 
0.904226 
1.925768 
1.292826 
1.706804 
1.534199 
2.147787 
1.189217 
1.570463 
1.892833 
1.357993 
2.652599 
4.144991 
2.197092 
5.147852 
4.180821 
3.345749 
3.744081 
3.399803 
3.151791 
3.136494 
1.739756 
2.484420 
5.948467 
2.520675 
0.942692 
0.674071 
1.260950 
0.878809 
0.712120 
2.591896 
2.481194 
0.758728 
0.525282 
1.046455 
0.990428 
2.516166 
1.376340 
0.856146 
1.241599 
1.934980 
1.626479 
1.972974 
1.475942 
0.536382 
1.900766 
1.491117 
0.846862 
1.261536 
2.422153 
2.650345 
2.025609 
2.216987 
1.514513 
0.150826 
1.113914 
0.253881 
1.730859 
1.431994 
1.511127 
1.936303 
1.800857 
1.544882 
1.280681 
2.263624 
2.340864 
3.007259 
1.280655 
3.164332 
2.633438 
2.622813 
2.412125 
5.364842 
2.079862 
0.278774 
2.073550 
2.703288 
0.973475 
5.311153 
5.162763 
2.016532 
4.245835 
3.085433 
5.329138 
2.532892 
0.831447 
1.596467 
6.152320 
5.604785 
6.589293 
7.354474 
3.603231 
2.019505 
7.421477 
3.654084 
2.441744 
4.446197 
6.353970 
0.903500 
1.955641 
9.006253 
6.746045 
7.085006 
2.327875 
6.571278 
2.856956 
10.367161 
1.347525 
3.803812 
3.397505 
7.789498 
2.581384 
2.078878 
6.062459 
5.783956 
2.423342 
4.414997 
3.184731 
2.415629 
5.042517 
4.622206 
5.108258 
6.142186 
5.369576 
3.994203 
5.203776 
6.977928 
6.154377 
2.205026 
1.628222 
1.574637 
1.400571 
1.955235 
3.433979 
2.901895 
1.246765 
1.624652 
1.052853 
0.394785 
0.841562 
1.405676 
0.885612 
0.981260 
1.728086 
2.773552 
1.501163 
0.865294 
0.540581 
0.879186 
0.628052 
0.388260 
1.337556 
1.312000 
0.790145 
0.321966 
0.449534 
1.302933 
1.251603 
1.952779 
0.808355 
0.295361 
0.498583 
1.257676 
1.087937 
0.398670 
1.930124 
0.356728 
1.289810 
0.821971 
0.776037 
0.631934 
1.066263 
1.073793 
0.424519 
0.677724 
2.119749 
1.187389 
1.148751 
0.371615 
0.271868 
0.882706 
0.141210 
2.026163 
1.778018 
1.101945 
0.885168 
1.352297 
0.399453 
0.068316 
0.546393 
1.330942 
0.492359 
0.300910 
0.183437 
1.597662 
1.849725 
0.449146 
0.287181 
1.346259 
1.957755 
0.768955 
1.322766 
0.791275 
1.947939 
1.113135 
2.300338 
1.106315 
0.479345 
1.424783 
1.508538 
2.620741 
0.880085 
2.313225 
1.874460 
2.021625 
0.465204 
2.204267 
2.887803 
1.347787 
1.402765 
0.747279 
1.512328 
0.541800 
0.390507 
1.975611 
2.144929 
0.781601 
0.576292 
0.804368 
1.653115 
1.590578 
0.870324 
0.697548 
1.097017 
1.398715 
0.728633 
1.266666 
1.874789 
0.181300 
0.478556 
0.623963 
2.484029 
0.491838 
1.192782 
0.818152 
1.017601 
0.596794 
0.049290 
0.655430 
0.617233 
0.250677 
0.627967 
0.409428 
0.538435 
0.336029 
0.237249 
0.707132 
0.914555 
1.182933 
1.397229 
0.409401 
0.338459 
1.486193 
1.497078 
0.676839 
0.773219 
0.155915 
0.477502 
0.378837 
0.509976 
0.559083 
0.443937 
0.550603 
0.625049 
0.046890 
0.576357 
0.246458 
0.552254 
0.189344 
0.411584 
0.275764 
0.266444 
0.071229 
0.579104 
0.646831 
0.368632 
0.041575 
0.525079 
0.385635 
0.604658 
0.519032 
1.004319 
0.357814 
0.775728 
0.351483 
0.819333 
0.359047 
1.465829 
0.690074 
0.238360 
1.091761 
1.046657 
1.458115 
0.359266 
0.294209 
0.736704 
0.848062 
0.130642 
0.726623 
0.084544 
0.248788 
0.430693 
0.666843 
0.414434 
0.224936 
0.275759 
0.310926 
0.472995 
0.148396 
0.803570 
0.219904 
0.164656 
0.078684 
0.352384 
0.338420 
0.225155 
0.099429 
1.005578 
0.718785 
0.597866 
0.408366 
0.947858 
1.400501 
0.962788 
0.684743 
0.824770 
0.901381 
0.338339 
1.084814 
1.391895 
0.705008 
0.871040 
2.003298 
0.919813 
1.282438 
2.413686 
2.151420 
0.174338 
0.473340 
0.474273 
2.425353 
2.801980 
0.978723 
1.150212 
1.148072 
1.278007 
1.146388 
0.757080 
1.953700 
0.989392 
1.892166 
1.914131 
1.970641 
0.323288 
1.013600 
2.285432 
0.458636 
0.235351 
1.976422 
2.290269 
0.198982 
0.337490 
1.735383 
0.993339 
2.651744 
0.980252 
2.120636 
1.668091 
5.164553 
1.466966 
1.632978 
1.430516 
2.975535 
2.331484 
0.845719 
0.951076 
0.445145 
1.732336 
0.967579 
1.862947 
0.792801 
0.219377 
0.437403 
0.597047 
1.570376 
1.374943 
0.478191 
2.094121 
4.351286 
3.571582 
1.794462 
0.971836 
1.252947 
1.488029 
1.302970 
1.409577 
1.279951 
0.418450 
0.504954 
0.184348 
0.096870 
0.552153 
0.220359 
0.595998 
0.481553 
0.580318 
1.591432 
1.349509 
0.284294 
0.461744 
0.825895 
1.498517 
1.560136 
0.640828 
0.422299 
0.594876 
1.073257 
0.396233 
0.529831 
0.185459 
0.753297 
0.375352 
1.444050 
1.395428 
0.754613 
0.642270 
0.576160 
0.105800 
1.151927 
0.887937 
1.156540 
0.522040 
0.822369 
0.614228 
0.710618 
0.638532 
1.203750 
0.443115 
0.417116 
1.514238 
0.321831 
1.111260 
1.641330 
0.497133 
1.368494 
1.933867 
1.384997 
1.367989 
1.543677 
2.455526 
2.639429 
1.489315 
1.774128 
3.546522 
1.683825 
2.532110 
1.699014 
1.967647 
1.314904 
2.073074 
2.732918 
1.412686 
2.890546 
1.969984 
2.319226 
3.611082 
0.647146 
1.656615 
3.220454 
3.287558 
0.930952 
4.506439 
2.401315 
1.014831 
4.084398 
1.889422 
6.937714 
2.880345 
4.197481 
3.069257 
3.940917 
1.705159 
2.430907 
4.405235 
5.694698 
2.285368 
3.354223 
2.723778 
3.383862 
3.516465 
1.355314 
2.878501 
0.729964 
6.142766 
5.431449 
1.917686 
2.456460 
1.822667 
3.387870 
5.244401 
4.186787 
2.090115 
6.343694 
10.187749 
6.494535 
6.670364 
6.672664 
6.570918 
4.138123 
3.653161 
9.156850 
4.430871 
5.129292 
0.991512 
4.481327 
4.475005 
0.995318 
2.764465 
8.669520 
9.820281 
7.198293 
6.391659 
3.404642 
7.388321 
8.361374 
6.235053 
3.457005 
3.203309 
2.550121 
3.332578 
7.235624 
5.685761 
2.078110 
0.552079 
2.973676 
2.509946 
1.436916 
2.210428 
2.662504 
2.723298 
2.029253 
3.994938 
3.254458 
1.390850 
0.227798 
1.057607 
2.136949 
1.789751 
1.231701 
0.348317 
1.079695 
1.491796 
1.053296 
2.260531 
1.250134 
0.927852 
0.739329 
0.958734 
0.469630 
2.170399 
0.313922 
0.838083 
1.018448 
2.007341 
1.080722 
1.733017 
1.091219 
1.501536 
2.848014 
1.179513 
0.367331 
1.701578 
0.963559 
0.236838 
1.761806 
2.747154 
1.489494 
4.010639 
1.985742 
4.936710 
5.238554 
3.640873 
1.349043 
5.238990 
0.236948 
1.787179 
4.250381 
1.159663 
3.055110 
1.484471 
4.748331 
1.149095 
1.261692 
0.479546 
4.076330 
1.792638 
1.956828 
1.780179 
3.314454 
2.658358 
2.128428 
2.551515 
4.741394 
1.096067 
1.707987 
3.664538 
4.013804 
2.325205 
2.816980 
4.249009 
5.081815 
2.747758 
3.532059 
2.965696 
4.506765 
0.393819 
0.576983 
3.653959 
5.208723 
1.856612 
6.973389 
2.930217 
7.034853 
3.697368 
2.251689 
4.140692 
1.617294 
8.465735 
4.452705 
2.736645 
2.700300 
1.730940 
1.065537 
2.320345 
3.457674 
2.837024 
3.853985 
3.708909 
2.559123 
1.365429 
6.221532 
1.838932 
2.851695 
1.648590 
3.922533 
8.765741 
2.052940 
5.154404 
4.506956 
1.176343 
3.530721 
6.786754 
4.236551 
3.888607 
2.971796 
5.295423 
5.430373 
3.422131 
0.432399 
6.817197 
7.941001 
6.954137 
4.705451 
0.701883 
3.341554 
4.512991 
2.396644 
0.228315 
2.763518 
0.692456 
0.491356 
1.265663 
2.920823 
1.412056 
1.863747 
2.205637 
1.289692 
4.005452 
4.746925 
5.043368 
4.523352 
3.425671 
3.823074 
2.082107 
2.859200 
5.247188 
1.708457 
2.503493 
1.576744 
3.569084 
2.528507 
1.928358 
2.967952 
1.545525 
1.306467 
1.964192 
2.384990 
1.216144 
0.945093 
0.435896 
1.552856 
0.463395 
0.715646 
1.071464 
0.209981 
0.963758 
0.805458 
1.547255 
1.370642 
0.928413 
1.552579 
0.537422 
3.676416 
0.596386 
1.432554 
2.029779 
1.921187 
1.820610 
2.926538 
1.224317 
2.641211 
1.670503 
0.709023 
0.411504 
2.158118 
2.141559 
3.592526 
1.645992 
1.730005 
0.457561 
2.690174 
3.159532 
1.752290 
2.388841 
2.010773 
1.774585 
1.608163 
0.438868 
3.147591 
3.886344 
2.485831 
1.958443 
3.596954 
2.418909 
2.129477 
2.749237 
2.415784 
2.354486 
2.417245 
4.039625 
0.072863 
3.486322 
2.008091 
1.467639 
1.800000 
2.844180 
2.922746 
3.043441 
0.926136 
0.987056 
1.794541 
1.063388 
1.524890 
2.063184 
2.219249 
1.340947 
2.553978 
0.875997 
1.514234 
2.646838 
0.676264 
4.178203 
2.459927 
0.874256 
1.687567 
3.403161 
3.716052 
2.781241 
1.149655 
3.931784 
0.646317 
0.983504 
2.728600 
1.929802 
3.415754 
2.844769 
1.148212 
2.533049 
3.328288 
3.522416 
9.700667 
11.304382 
9.769350 
8.626237 
5.156731 
1.736087 
8.214352 
7.284445 
3.836002 
1.502198 
6.077086 
3.909349 
1.467747 
7.172901 
5.899251 
3.315799 
1.641242 
1.895669 
5.316038 
0.623886 
5.432030 
6.647028 
4.042764 
2.329511 
4.690294 
2.466654 
1.252271 
0.514369 
1.803905 
3.454527 
2.079234 
0.530721 
0.723082 
1.519367 
2.496452 
1.644402 
0.565714 
0.806192 
0.161322 
2.003281 
1.155359 
1.550668 
0.857285 
1.294243 
0.692028 
2.148647 
0.879080 
0.494056 
0.988327 
2.434573 
0.532623 
2.382894 
2.898350 
0.567594 
1.731146 
4.031005 
1.572760 
3.068072 
3.200739 
4.980493 
6.396676 
1.393945 
6.295164 
2.497298 
4.573974 
4.253455 
2.893159 
1.467485 
1.950948 
2.264529 
0.710133 
4.420606 
2.722196 
2.468185 
5.276147 
3.202955 
2.236141 
5.517603 
1.209102 
5.277026 
10.178984 
1.654499 
7.734714 
3.949413 
1.466840 
9.536743 
6.591393 
0.943967 
3.557896 
1.381006 
1.346647 
3.300472 
8.436625 
1.458022 
2.776804 
1.509180 
7.175678 
2.159722 
5.756791 
2.903088 
8.725664 
3.342110 
4.592350 
1.999866 
4.183434 
6.837351 
5.062768 
6.732789 
4.733622 
7.279785 
11.333065 
7.828466 
5.689403 
7.673951 
5.960490 
3.414304 
14.215842 
6.600588 
10.829836 
16.989809 
3.522550 
4.425315 
9.924967 
4.639666 
7.804121 
0.971526 
3.852077 
5.214949 
1.048731 
6.066065 
4.688270 
2.015097 
4.630678 
4.844065 
4.977856 
3.220639 
5.958479 
5.090343 
5.273015 
2.257056 
2.385546 
4.748126 
7.602762 
4.666763 
6.143096 
5.584523 
2.426281 
3.590533 
3.918286 
4.974825 
1.524710 
3.823853 
4.633327 
2.260120 
0.600236 
4.823484 
4.607078 
5.448944 
4.354695 
9.412027 
1.831513 
8.543777 
8.957485 
4.616739 
3.908684 
6.335492 
0.988275 
2.988463 
1.362316 
1.730835 
2.487379 
1.442075 
4.065312 
5.519805 
3.103104 
0.648305 
1.596285 
1.327837 
1.853093 
2.766301 
1.526920 
1.309309 
2.568567 
1.689439 
1.669566 
4.464602 
3.764081 
4.981746 
3.124658 
1.859544 
5.297294 
5.887678 
5.842562 
4.856435 
2.196822 
4.856728 
12.030925 
8.881273 
5.455342 
3.189477 
3.811238 
5.907850 
6.538045 
7.497553 
1.991190 
11.217727 
1.657714 
5.180976 
3.001257 
4.398914 
3.739825 
6.961236 
7.964348 
4.982399 
8.385772 
4.321722 
6.096306 
4.675845 
6.412230 
12.276435 
9.564809 
1.786114 
2.426972 
3.962074 
3.497593 
5.820581 
12.176855 
2.933612 
9.401985 
6.147025 
1.394670 
5.331062 
1.755245 
10.069224 
10.881929 
6.681195 
2.696287 
4.269785 
8.290389 
1.723113 
0.652639 
4.911271 
2.909724 
9.209883 
4.976237 
9.124799 
3.071696 
10.496994 
4.549116 
7.188835 
2.906693 
2.939820 
3.848346 
9.710581 
10.334760 
8.171073 
7.136869 
5.273991 
4.901085 
12.696250 
3.427718 
11.324319 
2.357563 
2.771658 
5.204275 
4.784088 
1.967034 
1.924964 
0.712477 
2.909559 
3.227148 
0.952557 
5.500303 
5.104132 
0.664159 
5.824138 
6.380217 
0.690659 
2.762285 
5.893822 
2.474659 
2.150506 
5.281112 
0.205205 
0.500136 
4.873724 
2.526955 
2.023690 
1.592396 
1.453603 
4.455890 
1.564984 
2.992349 
4.727377 
1.086071 
2.514465 
1.747843 
5.004690 
0.947804 
0.898997 
1.115419 
2.590298 
1.718621 
3.056906 
3.844239 
0.634141 
2.033168 
1.931919 
1.419147 
0.770293 
0.959697 
0.559253 
0.951175 
1.283953 
1.803867 
1.698245 
2.487314 
0.952011 
2.907423 
0.428922 
4.040414 
1.248046 
1.545851 
1.550894 
0.482917 
4.593101 
3.224831 
1.920804 
1.088944 
5.897377 
0.781890 
2.528490 
3.289794 
5.297433 
0.157272 
2.670637 
3.958164 
1.830716 
0.495969 
1.761001 
1.957575 
0.717168 
5.691265 
0.300087 
4.625516 
4.383015 
5.213247 
6.979101 
5.251719 
3.746937 
7.378895 
3.977621 
5.678100 
1.620495 
3.499995 
2.729591 
2.121294 
1.462151 
1.907517 
3.251148 
0.299105 
3.681384 
1.571501 
3.027957 
3.867375 
2.412115 
0.937650 
0.645635 
4.007827 
2.178688 
0.283128 
1.242726 
0.844272 
1.395743 
1.147104 
0.799879 
1.688684 
0.829947 
0.268490 
1.081216 
0.664804 
1.336177 
1.258132 
1.337341 
1.407776 
4.611442 
4.069241 
2.417489 
2.010236 
2.055125 
6.743907 
4.217740 
5.102521 
2.252992 
2.245116 
2.815468 
5.127292 
3.078281 
1.275105 
0.672805 
0.706408 
3.134537 
2.778609 
2.163484 
1.950318 
1.619442 
1.907883 
1.333012 
1.452876 
2.075354 
1.723746 
1.457854 
1.109861 
1.084905 
2.245546 
4.718566 
0.957732 
1.591142 
1.189155 
0.677969 
1.973775 
2.689256 
0.429062 
0.252049 
3.952346 
0.875106 
0.518014 
3.401322 
0.879248 
1.367198 
0.681871 
4.052532 
1.063136 
4.916131 
0.662256 
0.337319 
0.361664 
1.139089 
6.177367 
3.991352 
2.837456 
1.469302 
2.080712 
2.657220 
1.213357 
2.486349 
2.281567 
1.761597 
2.194117 
0.957880 
0.852395 
1.156392 
1.398290 
1.621653 
1.352087 
4.183559 
1.716259 
1.506901 
5.678812 
5.529408 
1.393940 
1.592609 
0.543792 
0.567404 
1.828469 
0.204474 
2.755377 
3.131221 
1.913762 
2.932836 
1.886974 
2.180910 
2.396066 
3.507133 
3.632213 
0.413484 
1.363509 
0.419625 
0.896135 
2.077158 
1.210426 
2.822203 
1.712966 
0.931411 
1.970735 
4.233690 
1.688548 
1.243201 
0.392874 
0.181670 
0.533452 
0.666591 
1.491651 
6.525709 
1.854081 
1.624132 
1.807405 
1.132881 
1.568977 
0.392228 
0.410993 
1.017150 
1.818792 
2.141307 
1.345838 
0.718498 
1.642373 
1.685394 
0.783594 
3.215847 
0.679866 
4.923284 
2.203192 
1.429728 
0.343885 
0.748595 
5.310315 
1.807557 
3.079650 
2.454662 
1.535134 
2.283689 
0.565834 
1.880987 
0.322877 
3.803375 
0.670390 
2.516629 
1.739047 
5.084023 
0.086177 
4.022327 
2.450694 
0.316500 
0.544528 
3.847930 
0.846031 
0.762970 
0.372280 
3.248016 
0.714538 
0.410684 
3.398551 
1.471404 
1.991246 
0.685872 
2.050835 
4.107104 
0.292959 
0.794840 
0.265418 
1.651621 
0.630427 
0.716115 
0.800892 
3.141770 
1.968983 
1.677030 
0.077219 
0.582232 
0.213895 
0.259985 
1.460950 
0.565087 
1.724589 
1.584880 
1.491689 
2.793202 
2.086656 
1.572745 
1.006827 
0.642580 
0.721797 
1.358235 
2.007498 
1.038869 
0.464550 
1.071064 
4.098145 
0.727997 
0.760133 
1.612897 
1.262939 
3.251142 
1.654772 
2.011766 
1.830141 
0.791692 
2.941505 
0.618637 
1.412482 
1.623572 
0.230650 
2.820286 
2.168265 
2.520299 
1.618887 
0.147856 
1.397547 
1.435473 
0.384120 
1.097304 
0.950083 
0.850485 
0.928924 
1.807125 
1.945650 
0.643301 
0.208342 
1.531171 
0.361296 
1.403010 
0.696332 
0.681824 
0.396235 
1.921713 
0.847106 
0.497341 
1.637535 
3.858320 
0.776098 
0.463587 
4.640976 
0.167107 
1.256480 
2.645361 
1.284167 
1.232270 
1.341735 
2.742607 
1.539056 
2.825083 
1.399663 
3.196784 
0.579462 
1.396510 
3.258934 
2.521801 
0.723494 
1.590153 
3.375860 
0.941276 
2.184396 
1.345055 
0.082952 
0.765837 
2.144025 
0.497728 
1.691319 
0.674841 
0.510246 
1.460485 
0.986635 
3.222904 
1.610907 
0.920059 
2.017585 
0.553147 
5.736201 
2.670738 
1.625850 
2.513827 
1.289624 
3.970328 
3.864014 
3.407718 
2.058968 
1.492951 
0.381560 
3.737011 
0.961159 
2.768053 
0.649231 
0.838738 
0.206149 
1.327440 
0.371578 
3.303636 
5.095996 
1.646741 
0.789142 
1.668931 
0.314069 
1.817778 
2.321316 
1.174681 
0.415807 
4.007453 
2.478103 
0.447229 
0.511593 
1.789215 
0.562019 
1.064707 
1.161012 
0.688404 
1.473104 
0.338150 
0.249598 
1.473147 
1.005060 
0.950676 
0.524317 
1.265141 
3.349630 
2.560184 
2.256652 
0.451625 
0.417433 
0.619012 
2.839062 
2.852877 
1.559454 
2.045247 
1.795367 
1.311893 
4.435858 
0.436529 
1.542503 
1.494874 
0.409703 
1.240459 
3.237032 
1.146895 
0.563804 
1.852913 
2.157808 
3.445945 
2.105107 
5.483168 
0.922254 
3.203558 
2.785000 
2.647759 
2.352331 
3.280525 
1.337821 
1.849762 
4.452562 
0.295942 
3.906254 
1.369052 
3.177409 
0.413427 
6.857107 
0.735681 
2.796224 
3.337999 
2.105421 
5.530904 
0.899216 
3.096431 
0.574574 
0.829924 
5.087856 
0.730966 
2.145189 
2.096952 
5.818720 
4.159978 
0.731793 
1.659222 
0.137003 
1.680957 
1.923928 
3.126801 
0.603063 
1.481565 
0.850449 
3.262804 
0.125572 
2.608213 
2.324645 
2.365579 
0.218147 
1.710834 
1.769786 
0.375166 
3.615827 
1.493037 
1.178407 
5.231686 
5.935447 
3.243536 
2.853271 
3.744170 
6.086400 
7.010451 
0.302719 
2.548351 
0.309136 
2.295272 
1.056324 
4.053895 
2.361964 
1.559804 
5.123574 
3.003745 
2.792373 
3.399690 
2.093056 
2.918726 
2.325002 
1.393264 
5.779160 
1.178765 
0.567340 
2.414531 
0.374313 
6.036095 
1.586097 
2.355349 
2.506800 
2.329433 
3.934096 
7.787677 
0.879025 
2.300503 
3.278062 
2.381868 
3.271164 
2.664088 
0.940057 
0.292345 
1.908551 
3.111471 
0.374704 
0.548346 
3.674450 
0.385950 
4.754589 
1.567810 
0.996870 
0.655402 
0.845720 
0.318022 
1.495289 
1.083265 
4.403402 
0.400648 
0.171717 
2.922363 
0.764023 
2.587383 
6.033284 
0.768543 
4.821573 
1.540803 
1.531350 
1.128626 
3.405090 
1.149935 
1.983570 
4.257267 
0.293369 
0.217146 
3.119929 
2.354443 
0.621942 
3.364344 
0.856138 
4.688284 
2.879143 
3.867816 
7.376656 
2.035352 
0.330272 
3.879422 
3.118112 
7.726843 
4.990320 
1.595842 
7.286203 
2.833118 
2.257281 
4.417374 
2.758320 
3.987796 
0.948673 
1.731520 
3.761357 
4.151777 
0.775735 
0.810863 
1.718657 
3.612780 
6.996303 
3.690275 
1.038009 
1.728674 
0.762429 
1.978812 
3.740168 
4.431644 
0.652018 
5.719342 
1.278234 
0.753242 
1.894588 
2.735279 
2.912710 
1.277934 
4.605494 
1.438549 
2.034725 
3.364788 
4.969752 
0.811417 
2.843710 
1.674184 
1.279465 
0.736748 
2.853254 
0.613976 
2.458080 
0.277411 
3.834864 
2.216174 
1.520848 
2.887798 
0.229126 
7.060449 
2.970200 
3.274811 
7.892819 
1.834783 
2.135461 
3.626592 
8.180087 
2.920884 
4.024965 
0.999977 
1.641423 
6.202103 
2.959351 
2.282771 
0.469487 
4.491706 
8.653600 
3.436893 
2.454128 
1.339296 
3.596412 
1.870095 
0.375840 
3.765251 
0.781078 
1.632056 
2.430540 
2.086770 
5.264041 
2.102133 
1.061265 
2.803821 
4.181666 
3.061307 
8.084388 
0.219670 
6.114307 
3.252252 
0.190950 
0.415622 
1.873268 
4.671535 
0.295822 
1.435506 
6.870708 
1.561234 
0.275892 
4.719669 
7.425537 
1.298112 
0.923325 
1.548721 
3.523593 
2.228735 
4.253468 
4.754737 
0.674354 
4.255356 
2.245771 
1.883429 
3.636816 
4.016673 
6.084964 
0.708862 
2.574656 
0.748718 
2.151774 
0.965804 
0.394404 
6.692215 
3.033695 
3.265801 
3.070336 
6.154138 
0.486621 
4.918967 
7.496771 
0.456838 
3.441506 
0.482891 
3.345952 
0.475677 
0.398556 
0.925003 
1.331888 
3.124268 
3.986723 
0.684703 
0.917501 
0.255119 
2.219595 
1.414534 
1.172115 
0.691314 
3.930846 
1.283639 
5.796443 
1.327480 
2.910330 
2.856235 
1.563320 
8.626168 
0.953821 
3.916794 
2.017635 
2.044207 
3.624952 
2.381439 
4.413696 
3.701957 
0.320385 
0.320970 
2.537716 
8.616508 
6.566479 
0.801556 
4.388882 
2.339424 
2.259482 
4.437447 
1.276748 
2.351804 
0.568240 
1.659590 
5.884945 
3.390924 
1.149281 
2.785434 
0.508993 
6.299207 
1.709748 
1.304872 
5.249092 
2.482177 
1.075027 
1.514619 
4.130871 
3.086083 
2.005985 
2.276447 
3.191225 
0.999778 
1.832285 
6.772326 
2.714763 
0.258920 
0.639004 
2.327256 
2.167091 
1.292266 
0.775472 
7.653973 
0.103808 
1.241887 
2.763741 
2.333478 
4.062373 
1.667571 
1.627375 
1.671280 
1.622190 
1.046577 
0.536752 
5.741971 
3.830156 
2.792913 
2.686540 
4.168395 
3.087383 
4.939052 
0.783896 
2.949285 
4.075317 
2.692537 
4.821281 
6.884333 
0.878466 
4.184131 
4.753695 
1.656131 
10.053208 
0.513849 
1.051254 
0.216919 
1.004162 
1.284749 
3.722618 
2.010221 
0.239693 
1.501027 
0.160444 
3.424079 
3.778134 
3.563329 
1.463868 
5.008017 
0.291963 
1.894872 
0.629383 
3.147341 
4.547180 
2.315955 
1.661622 
6.650853 
4.675710 
5.885291 
0.668162 
0.151674 
5.961883 
4.209953 
1.813116 
4.332394 
4.267122 
0.940915 
6.432554 
4.120658 
4.403354 
1.274758 
6.004063 
3.273569 
10.347690 
7.736971 
1.074096 
4.273086 
1.580618 
8.009257 
3.331154 
4.556909 
2.536385 
0.233079 
5.895761 
6.163363 
3.378823 
3.458082 
4.670740 
6.040373 
2.798126 
0.558775 
7.445075 
5.587221 
1.071342 
3.381211 
15.981055 
0.621236 
1.244107 
1.773578 
1.192355 
3.638942 
3.309184 
1.590921 
4.043584 
5.243443 
0.711484 
3.634242 
2.403758 
7.946801 
1.114404 
5.199858 
2.101524 
1.092012 
8.659639 
6.196232 
4.257518 
5.485841 
2.661106 
5.567281 
3.804506 
1.121486 
4.431862 
5.120975 
2.956563 
6.070512 
0.901548 
2.703850 
4.338108 
4.035687 
4.825185 
5.148852 
7.315863 
0.502636 
7.578475 
0.488061 
0.835503 
6.961500 
6.444171 
5.896504 
1.658674 
6.163354 
2.117743 
2.152971 
3.121356 
0.606130 
5.265678 
1.341223 
3.474711 
0.968821 
5.711793 
6.919466 
0.246205 
4.952440 
3.365241 
2.526163 
3.450918 
6.964271 
3.553032 
0.160091 
0.159279 
0.683635 
1.977323 
6.069893 
3.380411 
3.812288 
8.965434 
5.876852 
2.106282 
1.631240 
0.776930 
0.523856 
2.711187 
2.769350 
0.918812 
0.520898 
0.127932 
7.237678 
0.755175 
1.251407 
3.468579 
0.965630 
0.466175 
1.451136 
3.924079 
1.281451 
3.910610 
2.560342 
0.147060 
5.690698 
3.425923 
0.757588 
0.292934 
10.603982 
4.271615 
3.082901 
1.043555 
0.854989 
7.260618 
1.776164 
2.545658 
5.112812 
10.349205 
2.275579 
12.631573 
0.834836 
2.163760 
0.560549 
0.522946 
6.227604 
0.829238 
5.749704 
9.507137 
13.990564 
7.552366 
6.213653 
3.985982 
1.486535 
2.006953 
7.729079 
0.237913 
0.659728 
0.946979 
1.721148 
0.669011 
0.718635 
2.500990 
4.204941 
3.280590 
10.496568 
0.096652 
1.752926 
4.361963 
0.977636 
0.059653 
6.623732 
8.956059 
0.765240 
4.725482 
0.366639 
2.103809 
1.304206 
2.941527 
12.851673 
5.362182 
9.094297 
1.223597 
8.620208 
4.941593 
2.133418 
2.649305 
1.020121 
5.855838 
16.521696 
2.520303 
10.077303 
2.522425 
1.221881 
2.727772 
5.540494 
0.277469 
6.582653 
2.092533 
7.389947 
6.871341 
2.511598 
4.582075 
3.004493 
3.793165 
8.262597 
11.248982 
10.940187 
1.016111 
1.053389 
4.978542 
3.924021 
8.003246 
0.800879 
5.735091 
12.546976 
7.950207 
2.280254 
2.330098 
0.055784 
2.500904 
3.151593 
3.130870 
3.546035 
6.280453 
3.573739 
3.836740 
9.325610 
1.842314 
4.843232 
3.755851 
3.215247 
5.679698 
2.502967 
3.722030 
8.612750 
8.518790 
5.863503 
3.916769 
1.616443 
3.786659 
1.386724 
3.301882 
1.315562 
2.051159 
2.900628 
9.074701 
7.068167 
0.090233 
3.964015 
7.223065 
9.872508 
3.983883 
4.160746 
2.696712 
8.402523 
0.305140 
7.116711 
4.917165 
5.056829 
1.904171 
5.842900 
6.005603 
6.505041 
1.043895 
5.087688 
3.747716 
4.860947 
5.721215 
7.184927 
5.762161 
7.913036 
1.096921 
3.247103 
7.122537 
0.744329 
3.118517 
2.095780 
3.314391 
8.439996 
3.488791 
4.944919 
0.527186 
2.191196 
12.556622 
0.631535 
6.018386 
1.525300 
2.795420 
8.139306 
1.835732 
9.531236 
5.788423 
1.319157 
0.928943 
0.911472 
3.189706 
2.049729 
4.053550 
3.399309 
1.610584 
4.241342 
6.936646 
6.722831 
8.039581 
9.006011 
3.284441 
4.404936 
6.364222 
1.088552 
5.600597 
6.809796 
6.695773 
1.052064 
6.560479 
6.194368 
1.619187 
4.635608 
4.642663 
16.070601 
8.131362 
1.663173 
0.058154 
0.186432 
5.492777 
5.312182 
7.701529 
5.557154 
12.606085 
12.696034 
2.679637 
1.374549 
8.116549 
7.619660 
0.363324 
4.809411 
6.080759 
13.095712 
16.015825 
1.880186 
24.382820 
3.024928 
5.572556 
12.849277 
6.943787 
2.995474 
8.983724 
11.957607 
1.093018 
5.585892 
14.870996 
8.496840 
16.083702 
6.425057 
3.953020 
1.557527 
1.628611 
7.533215 
9.218982 
12.953202 
11.883113 
14.115168 
11.242494 
17.461496 
13.561451 
1.634434 
5.233406 
4.893860 
13.293833 
8.601490 
4.491506 
10.558041 
14.134479 
18.847172 
12.610509 
2.160421 
2.793922 
8.999697 
15.486396 
16.316242 
10.968473 
6.441967 
10.835810 
19.790585 
11.229790 
20.891525 
3.555539 
7.136168 
9.993283 
24.896681 
15.071226 
13.575319 
20.637178 
2.772410 
12.335706 
9.338750 
21.650867 
0.267849 
1.983657 
17.236080 
23.129358 
19.725384 
5.752491 
58.250389 
44.315842 
63.193928 
1.677943 
31.613991 
39.058578 
14.944935 
57.731846 
127.597382 
60.811935 
53.528378 
30.880283 
322.384613 
3065.659424 
322.384613 
30.880283 
53.528378 
60.811935 
127.597382 
57.731846 
14.944935 
39.058578 
31.613991 
1.677943 
63.193928 
44.315842 
58.250389 
5.752491 
19.725384 
23.129358 
17.236080 
1.983657 
0.267849 
21.650867 
9.338750 
12.335706 
2.772410 
20.637178 
13.575319 
15.071226 
24.896681 
9.993283 
7.136168 
3.555539 
20.891525 
11.229790 
19.790585 
10.835810 
6.441967 
10.968473 
16.316242 
15.486396 
8.999697 
2.793922 
2.160421 
12.610509 
18.847172 
14.134479 
10.558041 
4.491506 
8.601490 
13.293833 
4.893860 
5.233406 
1.634434 
13.561451 
17.461496 
11.242494 
14.115168 
11.883113 
12.953202 
9.218982 
7.533215 
1.628611 
1.557527 
3.953020 
6.425057 
16.083702 
8.496840 
14.870996 
5.585892 
1.093018 
11.957607 
8.983724 
2.995474 
6.943787 
12.849277 
5.572556 
3.024928 
24.382820 
1.880186 
16.015825 
13.095712 
6.080759 
4.809411 
0.363324 
7.619660 
8.116549 
1.374549 
2.679637 
12.696034 
12.606085 
5.557154 
7.701529 
5.312182 
5.492777 
0.186432 
0.058154 
1.663173 
8.131362 
16.070601 
4.642663 
4.635608 
1.619187 
6.194368 
6.560479 
1.052064 
6.695773 
6.809796 
5.600597 
1.088552 
6.364222 
4.404936 
3.284441 
9.006011 
8.039581 
6.722831 
6.936646 
4.241342 
1.610584 
3.399309 
4.053550 
2.049729 
3.189706 
0.911472 
0.928943 
1.319157 
5.788423 
9.531236 
1.835732 
8.139306 
2.795420 
1.525300 
6.018386 
0.631535 
12.556622 
2.191196 
0.527186 
4.944919 
3.488791 
8.439996 
3.314391 
2.095780 
3.118517 
0.744329 
7.122537 
3.247103 
1.096921 
7.913036 
5.762161 
7.184927 
5.721215 
4.860947 
3.747716 
5.087688 
1.043895 
6.505041 
6.005603 
5.842900 
1.904171 
5.056829 
4.917165 
7.116711 
0.305140 
8.402523 
2.696712 
4.160746 
3.983883 
9.872508 
7.223065 
3.964015 
0.090233 
7.068167 
9.074701 
2.900628 
2.051159 
1.315562 
3.301882 
1.386724 
3.786659 
1.616443 
3.916769 
5.863503 
8.518790 
8.612750 
3.722030 
2.502967 
5.679698 
3.215247 
3.755851 
4.843232 
1.842314 
9.325610 
3.836740 
3.573739 
6.280453 
3.546035 
3.130870 
3.151593 
2.500904 
0.055784 
2.330098 
2.280254 
7.950207 
12.546976 
5.735091 
0.800879 
8.003246 
3.924021 
4.978542 
1.053389 
1.016111 
10.940187 
11.248982 
8.262597 
3.793165 
3.004493 
4.582075 
2.511598 
6.871341 
7.389947 
2.092533 
6.582653 
0.277469 
5.540494 
2.727772 
1.221881 
2.522425 
10.077303 
2.520303 
16.521696 
5.855838 
1.020121 
2.649305 
2.133418 
4.941593 
8.620208 
1.223597 
9.094297 
5.362182 
12.851673 
2.941527 
1.304206 
2.103809 
0.366639 
4.725482 
0.765240 
8.956059 
6.623732 
0.059653 
0.977636 
4.361963 
1.752926 
0.096652 
10.496568 
3.280590 
4.204941 
2.500990 
0.718635 
0.669011 
1.721148 
0.946979 
0.659728 
0.237913 
7.729079 
2.006953 
1.486535 
3.985982 
6.213653 
7.552366 
13.990564 
9.507137 
5.749704 
0.829238 
6.227604 
0.522946 
0.560549 
2.163760 
0.834836 
12.631573 
2.275579 
10.349205 
5.112812 
2.545658 
1.776164 
7.260618 
0.854989 
1.043555 
3.082901 
4.271615 
10.603982 
0.292934 
0.757588 
3.425923 
5.690698 
0.147060 
2.560342 
3.910610 
1.281451 
3.924079 
1.451136 
0.466175 
0.965630 
3.468579 
1.251407 
0.755175 
7.237678 
0.127932 
0.520898 
0.918812 
2.769350 
2.711187 
0.523856 
0.776930 
1.631240 
2.106282 
5.876852 
8.965434 
3.812288 
3.380411 
6.069893 
1.977323 
0.683635 
0.159279 
0.160091 
3.553032 
6.964271 
3.450918 
2.526163 
3.365241 
4.952440 
0.246205 
6.919466 
5.711793 
0.968821 
3.474711 
1.341223 
5.265678 
0.606130 
3.121356 
2.152971 
2.117743 
6.163354 
1.658674 
5.896504 
6.444171 
6.961500 
0.835503 
0.488061 
7.578475 
0.502636 
7.315863 
5.148852 
4.825185 
4.035687 
4.338108 
2.703850 
0.901548 
6.070512 
2.956563 
5.120975 
4.431862 
1.121486 
3.804506 
5.567281 
2.661106 
5.485841 
4.257518 
6.196232 
8.659639 
1.092012 
2.101524 
5.199858 
1.114404 
7.946801 
2.403758 
3.634242 
0.711484 
5.243443 
4.043584 
1.590921 
3.309184 
3.638942 
1.192355 
1.773578 
1.244107 
0.621236 
15.981055 
3.381211 
1.071342 
5.587221 
7.445075 
0.558775 
2.798126 
6.040373 
4.670740 
3.458082 
3.378823 
6.163363 
5.895761 
0.233079 
2.536385 
4.556909 
3.331154 
8.009257 
1.580618 
4.273086 
1.074096 
7.736971 
10.347690 
3.273569 
6.004063 
1.274758 
4.403354 
4.120658 
6.432554 
0.940915 
4.267122 
4.332394 
1.813116 
4.209953 
5.961883 
0.151674 
0.668162 
5.885291 
4.675710 
6.650853 
1.661622 
2.315955 
4.547180 
3.147341 
0.629383 
1.894872 
0.291963 
5.008017 
1.463868 
3.563329 
3.778134 
3.424079 
0.160444 
1.501027 
0.239693 
2.010221 
3.722618 
1.284749 
1.004162 
0.216919 
1.051254 
0.513849 
10.053208 
1.656131 
4.753695 
4.184131 
0.878466 
6.884333 
4.821281 
2.692537 
4.075317 
2.949285 
0.783896 
4.939052 
3.087383 
4.168395 
2.686540 
2.792913 
3.830156 
5.741971 
0.536752 
1.046577 
1.622190 
1.671280 
1.627375 
1.667571 
4.062373 
2.333478 
2.763741 
1.241887 
0.103808 
7.653973 
0.775472 
1.292266 
2.167091 
2.327256 
0.639004 
0.258920 
2.714763 
6.772326 
1.832285 
0.999778 
3.191225 
2.276447 
2.005985 
3.086083 
4.130871 
1.514619 
1.075027 
2.482177 
5.249092 
1.304872 
1.709748 
6.299207 
0.508993 
2.785434 
1.149281 
3.390924 
5.884945 
1.659590 
0.568240 
2.351804 
1.276748 
4.437447 
2.259482 
2.339424 
4.388882 
0.801556 
6.566479 
8.616508 
2.537716 
0.320970 
0.320385 
3.701957 
4.413696 
2.381439 
3.624952 
2.044207 
2.017635 
3.916794 
0.953821 
8.626168 
1.563320 
2.856235 
2.910330 
1.327480 
5.796443 
1.283639 
3.930846 
0.691314 
1.172115 
1.414534 
2.219595 
0.255119 
0.917501 
0.684703 
3.986723 
3.124268 
1.331888 
0.925003 
0.398556 
0.475677 
3.345952 
0.482891 
3.441506 
0.456838 
7.496771 
4.918967 
0.486621 
6.154138 
3.070336 
3.265801 
3.033695 
6.692215 
0.394404 
0.965804 
2.151774 
0.748718 
2.574656 
0.708862 
6.084964 
4.016673 
3.636816 
1.883429 
2.245771 
4.255356 
0.674354 
4.754737 
4.253468 
2.228735 
3.523593 
1.548721 
0.923325 
1.298112 
7.425537 
4.719669 
0.275892 
1.561234 
6.870708 
1.435506 
0.295822 
4.671535 
1.873268 
0.415622 
0.190950 
3.252252 
6.114307 
0.219670 
8.084388 
3.061307 
4.181666 
2.803821 
1.061265 
2.102133 
5.264041 
2.086770 
2.430540 
1.632056 
0.781078 
3.765251 
0.375840 
1.870095 
3.596412 
1.339296 
2.454128 
3.436893 
8.653600 
4.491706 
0.469487 
2.282771 
2.959351 
6.202103 
1.641423 
0.999977 
4.024965 
2.920884 
8.180087 
3.626592 
2.135461 
1.834783 
7.892819 
3.274811 
2.970200 
7.060449 
0.229126 
2.887798 
1.520848 
2.216174 
3.834864 
0.277411 
2.458080 
0.613976 
2.853254 
0.736748 
1.279465 
1.674184 
2.843710 
0.811417 
4.969752 
3.364788 
2.034725 
1.438549 
4.605494 
1.277934 
2.912710 
2.735279 
1.894588 
0.753242 
1.278234 
5.719342 
0.652018 
4.431644 
3.740168 
1.978812 
0.762429 
1.728674 
1.038009 
3.690275 
6.996303 
3.612780 
1.718657 
0.810863 
0.775735 
4.151777 
3.761357 
1.731520 
0.948673 
3.987796 
2.758320 
4.417374 
2.257281 
2.833118 
7.286203 
1.595842 
4.990320 
7.726843 
3.118112 
3.879422 
0.330272 
2.035352 
7.376656 
3.867816 
2.879143 
4.688284 
0.856138 
3.364344 
0.621942 
2.354443 
3.119929 
0.217146 
0.293369 
4.257267 
1.983570 
1.149935 
3.405090 
1.128626 
1.531350 
1.540803 
4.821573 
0.768543 
6.033284 
2.587383 
0.764023 
2.922363 
0.171717 
0.400648 
4.403402 
1.083265 
1.495289 
0.318022 
0.845720 
0.655402 
0.996870 
1.567810 
4.754589 
0.385950 
3.674450 
0.548346 
0.374704 
3.111471 
1.908551 
0.292345 
0.940057 
2.664088 
3.271164 
2.381868 
3.278062 
2.300503 
0.879025 
7.787677 
3.934096 
2.329433 
2.506800 
2.355349 
1.586097 
6.036095 
0.374313 
2.414531 
0.567340 
1.178765 
5.779160 
1.393264 
2.325002 
2.918726 
2.093056 
3.399690 
2.792373 
3.003745 
5.123574 
1.559804 
2.361964 
4.053895 
1.056324 
2.295272 
0.309136 
2.548351 
0.302719 
7.010451 
6.086400 
3.744170 
2.853271 
3.243536 
5.935447 
5.231686 
1.178407 
1.493037 
3.615827 
0.375166 
1.769786 
1.710834 
0.218147 
2.365579 
2.324645 
2.608213 
0.125572 
3.262804 
0.850449 
1.481565 
0.603063 
3.126801 
1.923928 
1.680957 
0.137003 
1.659222 
0.731793 
4.159978 
5.818720 
2.096952 
2.145189 
0.730966 
5.087856 
0.829924 
0.574574 
3.096431 
0.899216 
5.530904 
2.105421 
3.337999 
2.796224 
0.735681 
6.857107 
0.413427 
3.177409 
1.369052 
3.906254 
0.295942 
4.452562 
1.849762 
1.337821 
3.280525 
2.352331 
2.647759 
2.785000 
3.203558 
0.922254 
5.483168 
2.105107 
3.445945 
2.157808 
1.852913 
0.563804 
1.146895 
3.237032 
1.240459 
0.409703 
1.494874 
1.542503 
0.436529 
4.435858 
1.311893 
1.795367 
2.045247 
1.559454 
2.852877 
2.839062 
0.619012 
0.417433 
0.451625 
2.256652 
2.560184 
3.349630 
1.265141 
0.524317 
0.950676 
1.005060 
1.473147 
0.249598 
0.338150 
1.473104 
0.688404 
1.161012 
1.064707 
0.562019 
1.789215 
0.511593 
0.447229 
2.478103 
4.007453 
0.415807 
1.174681 
2.321316 
1.817778 
0.314069 
1.668931 
0.789142 
1.646741 
5.095996 
3.303636 
0.371578 
1.327440 
0.206149 
0.838738 
0.649231 
2.768053 
0.961159 
3.737011 
0.381560 
1.492951 
2.058968 
3.407718 
3.864014 
3.970328 
1.289624 
2.513827 
1.625850 
2.670738 
5.736201 
0.553147 
2.017585 
0.920059 
1.610907 
3.222904 
0.986635 
1.460485 
0.510246 
0.674841 
1.691319 
0.497728 
2.144025 
0.765837 
0.082952 
1.345055 
2.184396 
0.941276 
3.375860 
1.590153 
0.723494 
2.521801 
3.258934 
1.396510 
0.579462 
3.196784 
1.399663 
2.825083 
1.539056 
2.742607 
1.341735 
1.232270 
1.284167 
2.645361 
1.256480 
0.167107 
4.640976 
0.463587 
0.776098 
3.858320 
1.637535 
0.497341 
0.847106 
1.921713 
0.396235 
0.681824 
0.696332 
1.403010 
0.361296 
1.531171 
0.208342 
0.643301 
1.945650 
1.807125 
0.928924 
0.850485 
0.950083 
1.097304 
0.384120 
1.435473 
1.397547 
0.147856 
1.618887 
2.520299 
2.168265 
2.820286 
0.230650 
1.623572 
1.412482 
0.618637 
2.941505 
0.791692 
1.830141 
2.011766 
1.654772 
3.251142 
1.262939 
1.612897 
0.760133 
0.727997 
4.098145 
1.071064 
0.464550 
1.038869 
2.007498 
1.358235 
0.721797 
0.642580 
1.006827 
1.572745 
2.086656 
2.793202 
1.491689 
1.584880 
1.724589 
0.565087 
1.460950 
0.259985 
0.213895 
0.582232 
0.077219 
1.677030 
1.968983 
3.141770 
0.800892 
0.716115 
0.630427 
1.651621 
0.265418 
0.794840 
0.292959 
4.107104 
2.050835 
0.685872 
1.991246 
1.471404 
3.398551 
0.410684 
0.714538 
3.248016 
0.372280 
0.762970 
0.846031 
3.847930 
0.544528 
0.316500 
2.450694 
4.022327 
0.086177 
5.084023 
1.739047 
2.516629 
0.670390 
3.803375 
0.322877 
1.880987 
0.565834 
2.283689 
1.535134 
2.454662 
3.079650 
1.807557 
5.310315 
0.748595 
0.343885 
1.429728 
2.203192 
4.923284 
0.679866 
3.215847 
0.783594 
1.685394 
1.642373 
0.718498 
1.345838 
2.141307 
1.818792 
1.017150 
0.410993 
0.392228 
1.568977 
1.132881 
1.807405 
1.624132 
1.854081 
6.525709 
1.491651 
0.666591 
0.533452 
0.181670 
0.392874 
1.243201 
1.688548 
4.233690 
1.970735 
0.931411 
1.712966 
2.822203 
1.210426 
2.077158 
0.896135 
0.419625 
1.363509 
0.413484 
3.632213 
3.507133 
2.396066 
2.180910 
1.886974 
2.932836 
1.913762 
3.131221 
2.755377 
0.204474 
1.828469 
0.567404 
0.543792 
1.592609 
1.393940 
5.529408 
5.678812 
1.506901 
1.716259 
4.183559 
1.352087 
1.621653 
1.398290 
1.156392 
0.852395 
0.957880 
2.194117 
1.761597 
2.281567 
2.486349 
1.213357 
2.657220 
2.080712 
1.469302 
2.837456 
3.991352 
6.177367 
1.139089 
0.361664 
0.337319 
0.662256 
4.916131 
1.063136 
4.052532 
0.681871 
1.367198 
0.879248 
3.401322 
0.518014 
0.875106 
3.952346 
0.252049 
0.429062 
2.689256 
1.973775 
0.677969 
1.189155 
1.591142 
0.957732 
4.718566 
2.245546 
1.084905 
1.109861 
1.457854 
1.723746 
2.075354 
1.452876 
1.333012 
1.907883 
1.619442 
1.950318 
2.163484 
2.778609 
3.134537 
0.706408 
0.672805 
1.275105 
3.078281 
5.127292 
2.815468 
2.245116 
2.252992 
5.102521 
4.217740 
6.743907 
2.055125 
2.010236 
2.417489 
4.069241 
4.611442 
1.407776 
1.337341 
1.258132 
1.336177 
0.664804 
1.081216 
0.268490 
0.829947 
1.688684 
0.799879 
1.147104 
1.395743 
0.844272 
1.242726 
0.283128 
2.178688 
4.007827 
0.645635 
0.937650 
2.412115 
3.867375 
3.027957 
1.571501 
3.681384 
0.299105 
3.251148 
1.907517 
1.462151 
2.121294 
2.729591 
3.499995 
1.620495 
5.678100 
3.977621 
7.378895 
3.746937 
5.251719 
6.979101 
5.213247 
4.383015 
4.625516 
0.300087 
5.691265 
0.717168 
1.957575 
1.761001 
0.495969 
1.830716 
3.958164 
2.670637 
0.157272 
5.297433 
3.289794 
2.528490 
0.781890 
5.897377 
1.088944 
1.920804 
3.224831 
4.593101 
0.482917 
1.550894 
1.545851 
1.248046 
4.040414 
0.428922 
2.907423 
0.952011 
2.487314 
1.698245 
1.803867 
1.283953 
0.951175 
0.559253 
0.959697 
0.770293 
1.419147 
1.931919 
2.033168 
0.634141 
3.844239 
3.056906 
1.718621 
2.590298 
1.115419 
0.898997 
0.947804 
5.004690 
1.747843 
2.514465 
1.086071 
4.727377 
2.992349 
1.564984 
4.455890 
1.453603 
1.592396 
2.023690 
2.526955 
4.873724 
0.500136 
0.205205 
5.281112 
2.150506 
2.474659 
5.893822 
2.762285 
0.690659 
6.380217 
5.824138 
0.664159 
5.104132 
5.500303 
0.952557 
3.227148 
2.909559 
0.712477 
1.924964 
1.967034 
4.784088 
5.204275 
2.771658 
2.357563 
11.324319 
3.427718 
12.696250 
4.901085 
5.273991 
7.136869 
8.171073 
10.334760 
9.710581 
3.848346 
2.939820 
2.906693 
7.188835 
4.549116 
10.496994 
3.071696 
9.124799 
4.976237 
9.209883 
2.909724 
4.911271 
0.652639 
1.723113 
8.290389 
4.269785 
2.696287 
6.681195 
10.881929 
10.069224 
1.755245 
5.331062 
1.394670 
6.147025 
9.401985 
2.933612 
12.176855 
5.820581 
3.497593 
3.962074 
2.426972 
1.786114 
9.564809 
12.276435 
6.412230 
4.675845 
6.096306 
4.321722 
8.385772 
4.982399 
7.964348 
6.961236 
3.739825 
4.398914 
3.001257 
5.180976 
1.657714 
11.217727 
1.991190 
7.497553 
6.538045 
5.907850 
3.811238 
3.189477 
5.455342 
8.881273 
12.030925 
4.856728 
2.196822 
4.856435 
5.842562 
5.887678 
5.297294 
1.859544 
3.124658 
4.981746 
3.764081 
4.464602 
1.669566 
1.689439 
2.568567 
1.309309 
1.526920 
2.766301 
1.853093 
1.327837 
1.596285 
0.648305 
3.103104 
5.519805 
4.065312 
1.442075 
2.487379 
1.730835 
1.362316 
2.988463 
0.988275 
6.335492 
3.908684 
4.616739 
8.957485 
8.543777 
1.831513 
9.412027 
4.354695 
5.448944 
4.607078 
4.823484 
0.600236 
2.260120 
4.633327 
3.823853 
1.524710 
4.974825 
3.918286 
3.590533 
2.426281 
5.584523 
6.143096 
4.666763 
7.602762 
4.748126 
2.385546 
2.257056 
5.273015 
5.090343 
5.958479 
3.220639 
4.977856 
4.844065 
4.630678 
2.015097 
4.688270 
6.066065 
1.048731 
5.214949 
3.852077 
0.971526 
7.804121 
4.639666 
9.924967 
4.425315 
3.522550 
16.989809 
10.829836 
6.600588 
14.215842 
3.414304 
5.960490 
7.673951 
5.689403 
7.828466 
11.333065 
7.279785 
4.733622 
6.732789 
5.062768 
6.837351 
4.183434 
1.999866 
4.592350 
3.342110 
8.725664 
2.903088 
5.756791 
2.159722 
7.175678 
1.509180 
2.776804 
1.458022 
8.436625 
3.300472 
1.346647 
1.381006 
3.557896 
0.943967 
6.591393 
9.536743 
1.466840 
3.949413 
7.734714 
1.654499 
10.178984 
5.277026 
1.209102 
5.517603 
2.236141 
3.202955 
5.276147 
2.468185 
2.722196 
4.420606 
0.710133 
2.264529 
1.950948 
1.467485 
2.893159 
4.253455 
4.573974 
2.497298 
6.295164 
1.393945 
6.396676 
4.980493 
3.200739 
3.068072 
1.572760 
4.031005 
1.731146 
0.567594 
2.898350 
2.382894 
0.532623 
2.434573 
0.988327 
0.494056 
0.879080 
2.148647 
0.692028 
1.294243 
0.857285 
1.550668 
1.155359 
2.003281 
0.161322 
0.806192 
0.565714 
1.644402 
2.496452 
1.519367 
0.723082 
0.530721 
2.079234 
3.454527 
1.803905 
0.514369 
1.252271 
2.466654 
4.690294 
2.329511 
4.042764 
6.647028 
5.432030 
0.623886 
5.316038 
1.895669 
1.641242 
3.315799 
5.899251 
7.172901 
1.467747 
3.909349 
6.077086 
1.502198 
3.836002 
7.284445 
8.214352 
1.736087 
5.156731 
8.626237 
9.769350 
11.304382 
9.700667 
3.522416 
3.328288 
2.533049 
1.148212 
2.844769 
3.415754 
1.929802 
2.728600 
0.983504 
0.646317 
3.931784 
1.149655 
2.781241 
3.716052 
3.403161 
1.687567 
0.874256 
2.459927 
4.178203 
0.676264 
2.646838 
1.514234 
0.875997 
2.553978 
1.340947 
2.219249 
2.063184 
1.524890 
1.063388 
1.794541 
0.987056 
0.926136 
3.043441 
2.922746 
2.844180 
1.800000 
1.467639 
2.008091 
3.486322 
0.072863 
4.039625 
2.417245 
2.354486 
2.415784 
2.749237 
2.129477 
2.418909 
3.596954 
1.958443 
2.485831 
3.886344 
3.147591 
0.438868 
1.608163 
1.774585 
2.010773 
2.388841 
1.752290 
3.159532 
2.690174 
0.457561 
1.730005 
1.645992 
3.592526 
2.141559 
2.158118 
0.411504 
0.709023 
1.670503 
2.641211 
1.224317 
2.926538 
1.820610 
1.921187 
2.029779 
1.432554 
0.596386 
3.676416 
0.537422 
1.552579 
0.928413 
1.370642 
1.547255 
0.805458 
0.963758 
0.209981 
1.071464 
0.715646 
0.463395 
1.552856 
0.435896 
0.945093 
1.216144 
2.384990 
1.964192 
1.306467 
1.545525 
2.967952 
1.928358 
2.528507 
3.569084 
1.576744 
2.503493 
1.708457 
5.247188 
2.859200 
2.082107 
3.823074 
3.425671 
4.523352 
5.043368 
4.746925 
4.005452 
1.289692 
2.205637 
1.863747 
1.412056 
2.920823 
1.265663 
0.491356 
0.692456 
2.763518 
0.228315 
2.396644 
4.512991 
3.341554 
0.701883 
4.705451 
6.954137 
7.941001 
6.817197 
0.432399 
3.422131 
5.430373 
5.295423 
2.971796 
3.888607 
4.236551 
6.786754 
3.530721 
1.176343 
4.506956 
5.154404 
2.052940 
8.765741 
3.922533 
1.648590 
2.851695 
1.838932 
6.221532 
1.365429 
2.559123 
3.708909 
3.853985 
2.837024 
3.457674 
2.320345 
1.065537 
1.730940 
2.700300 
2.736645 
4.452705 
8.465735 
1.617294 
4.140692 
2.251689 
3.697368 
7.034853 
2.930217 
6.973389 
1.856612 
5.208723 
3.653959 
0.576983 
0.393819 
4.506765 
2.965696 
3.532059 
2.747758 
5.081815 
4.249009 
2.816980 
2.325205 
4.013804 
3.664538 
1.707987 
1.096067 
4.741394 
2.551515 
2.128428 
2.658358 
3.314454 
1.780179 
1.956828 
1.792638 
4.076330 
0.479546 
1.261692 
1.149095 
4.748331 
1.484471 
3.055110 
1.159663 
4.250381 
1.787179 
0.236948 
5.238990 
1.349043 
3.640873 
5.238554 
4.936710 
1.985742 
4.010639 
1.489494 
2.747154 
1.761806 
0.236838 
0.963559 
1.701578 
0.367331 
1.179513 
2.848014 
1.501536 
1.091219 
1.733017 
1.080722 
2.007341 
1.018448 
0.838083 
0.313922 
2.170399 
0.469630 
0.958734 
0.739329 
0.927852 
1.250134 
2.260531 
1.053296 
1.491796 
1.079695 
0.348317 
1.231701 
1.789751 
2.136949 
1.057607 
0.227798 
1.390850 
3.254458 
3.994938 
2.029253 
2.723298 
2.662504 
2.210428 
1.436916 
2.509946 
2.973676 
0.552079 
2.078110 
5.685761 
7.235624 
3.332578 
2.550121 
3.203309 
3.457005 
6.235053 
8.361374 
7.388321 
3.404642 
6.391659 
7.198293 
9.820281 
8.669520 
2.764465 
0.995318 
4.475005 
4.481327 
0.991512 
5.129292 
4.430871 
9.156850 
3.653161 
4.138123 
6.570918 
6.672664 
6.670364 
6.494535 
10.187749 
6.343694 
2.090115 
4.186787 
5.244401 
3.387870 
1.822667 
2.456460 
1.917686 
5.431449 
6.142766 
0.729964 
2.878501 
1.355314 
3.516465 
3.383862 
2.723778 
3.354223 
2.285368 
5.694698 
4.405235 
2.430907 
1.705159 
3.940917 
3.069257 
4.197481 
2.880345 
6.937714 
1.889422 
4.084398 
1.014831 
2.401315 
4.506439 
0.930952 
3.287558 
3.220454 
1.656615 
0.647146 
3.611082 
2.319226 
1.969984 
2.890546 
1.412686 
2.732918 
2.073074 
1.314904 
1.967647 
1.699014 
2.532110 
1.683825 
3.546522 
1.774128 
1.489315 
2.639429 
2.455526 
1.543677 
1.367989 
1.384997 
1.933867 
1.368494 
0.497133 
1.641330 
1.111260 
0.321831 
1.514238 
0.417116 
0.443115 
1.203750 
0.638532 
0.710618 
0.614228 
0.822369 
0.522040 
1.156540 
0.887937 
1.151927 
0.105800 
0.576160 
0.642270 
0.754613 
1.395428 
1.444050 
0.375352 
0.753297 
0.185459 
0.529831 
0.396233 
1.073257 
0.594876 
0.422299 
0.640828 
1.560136 
1.498517 
0.825895 
0.461744 
0.284294 
1.349509 
1.591432 
0.580318 
0.481553 
0.595998 
0.220359 
0.552153 
0.096870 
0.184348 
0.504954 
0.418450 
1.279951 
1.409577 
1.302970 
1.488029 
1.252947 
0.971836 
1.794462 
3.571582 
4.351286 
2.094121 
0.478191 
1.374943 
1.570376 
0.597047 
0.437403 
0.219377 
0.792801 
1.862947 
0.967579 
1.732336 
0.445145 
0.951076 
0.845719 
2.331484 
2.975535 
1.430516 
1.632978 
1.466966 
5.164553 
1.668091 
2.120636 
0.980252 
2.651744 
0.993339 
1.735383 
0.337490 
0.198982 
2.290269 
1.976422 
0.235351 
0.458636 
2.285432 
1.013600 
0.323288 
1.970641 
1.914131 
1.892166 
0.989392 
1.953700 
0.757080 
1.146388 
1.278007 
1.148072 
1.150212 
0.978723 
2.801980 
2.425353 
0.474273 
0.473341 
0.174338 
2.151420 
2.413686 
1.282438 
0.919813 
2.003298 
0.871040 
0.705008 
1.391895 
1.084814 
0.338339 
0.901381 
0.824770 
0.684743 
0.962788 
1.400501 
0.947858 
0.408366 
0.597866 
0.718785 
1.005578 
0.099429 
0.225155 
0.338420 
0.352384 
0.078684 
0.164656 
0.219904 
0.803570 
0.148396 
0.472995 
0.310926 
0.275759 
0.224936 
0.414434 
0.666843 
0.430693 
0.248788 
0.084544 
0.726623 
0.130642 
0.848062 
0.736704 
0.294209 
0.359266 
1.458115 
1.046657 
1.091761 
0.238360 
0.690074 
1.465829 
0.359047 
0.819333 
0.351483 
0.775728 
0.357814 
1.004319 
0.519032 
0.604658 
0.385635 
0.525079 
0.041575 
0.368632 
0.646831 
0.579104 
0.071229 
0.266444 
0.275764 
0.411584 
0.189344 
0.552254 
0.246458 
0.576357 
0.046890 
0.625049 
0.550603 
0.443937 
0.559083 
0.509976 
0.378837 
0.477502 
0.155915 
0.773219 
0.676839 
1.497078 
1.486193 
0.338459 
0.409401 
1.397229 
1.182933 
0.914555 
0.707132 
0.237249 
0.336029 
0.538435 
0.409428 
0.627967 
0.250677 
0.617233 
0.655430 
0.049290 
0.596794 
1.017601 
0.818152 
1.192782 
0.491838 
2.484029 
0.623963 
0.478556 
0.181300 
1.874789 
1.266666 
0.728633 
1.398715 
1.097017 
0.697548 
0.870324 
1.590578 
1.653115 
0.804368 
0.576292 
0.781601 
2.144929 
1.975611 
0.390507 
0.541800 
1.512328 
0.747279 
1.402765 
1.347787 
2.887803 
2.204267 
0.465204 
2.021625 
1.874460 
2.313225 
0.880085 
2.620741 
1.508538 
1.424783 
0.479345 
1.106315 
2.300338 
1.113135 
1.947939 
0.791275 
1.322766 
0.768955 
1.957755 
1.346259 
0.287181 
0.449146 
1.849725 
1.597662 
0.183437 
0.300910 
0.492359 
1.330942 
0.546393 
0.068316 
0.399453 
1.352297 
0.885168 
1.101945 
1.778018 
2.026163 
0.141210 
0.882706 
0.271868 
0.371615 
1.148751 
1.187389 
2.119749 
0.677724 
0.424519 
1.073793 
1.066263 
0.631934 
0.776037 
0.821971 
1.289810 
0.356728 
1.930124 
0.398670 
1.087937 
1.257676 
0.498583 
0.295361 
0.808355 
1.952779 
1.251603 
1.302933 
0.449534 
0.321966 
0.790145 
1.312000 
1.337556 
0.388260 
0.628052 
0.879186 
0.540581 
0.865294 
1.501163 
2.773552 
1.728086 
0.981260 
0.885612 
1.405676 
0.841562 
0.394785 
1.052853 
1.624652 
1.246765 
2.901895 
3.433979 
1.955235 
1.400571 
1.574637 
1.628222 
2.205026 
6.154377 
6.977928 
5.203776 
3.994203 
5.369576 
6.142186 
5.108258 
4.622206 
5.042517 
2.415629 
3.184731 
4.414997 
2.423342 
5.783956 
6.062459 
2.078878 
2.581384 
7.789498 
3.397505 
3.803812 
1.347525 
10.367161 
2.856956 
6.571278 
2.327875 
7.085006 
6.746045 
9.006253 
1.955641 
0.903500 
6.353970 
4.446197 
2.441744 
3.654084 
7.421477 
2.019505 
3.603231 
7.354474 
6.589293 
5.604785 
6.152320 
1.596467 
0.831447 
2.532892 
5.329138 
3.085433 
4.245835 
2.016532 
5.162763 
5.311153 
0.973475 
2.703288 
2.073550 
0.278774 
2.079862 
5.364842 
2.412125 
2.622813 
2.633438 
3.164332 
1.280655 
3.007259 
2.340864 
2.263624 
1.280681 
1.544882 
1.800857 
1.936303 
1.511127 
1.431994 
1.730859 
0.253881 
1.113914 
0.150826 
1.514513 
2.216987 
2.025609 
2.650345 
2.422153 
1.261536 
0.846862 
1.491117 
1.900766 
0.536382 
1.475942 
1.972974 
1.626479 
1.934980 
1.241599 
0.856146 
1.376340 
2.516166 
0.990428 
1.046455 
0.525282 
0.758728 
2.481194 
2.591896 
0.712120 
0.878809 
1.260950 
0.674071 
0.942692 
2.520675 
5.948467 
2.484420 
1.739756 
3.136494 
3.151791 
3.399803 
3.744081 
3.345749 
4.180821 
5.147852 
2.197092 
4.144991 
2.652599 
1.357993 
1.892833 
1.570463 
1.189217 
2.147787 
1.534199 
1.706804 
1.292826 
1.925768 
0.904226 
1.231812 
2.813459 
1.458763 
0.607161 
3.140879 
0.906872 
0.775113 
0.662075 
3.402252 
2.402892 
2.927402 
2.463229 
2.837783 
5.386101 
5.792402 
5.613559 
5.555130 
7.745163 
3.723161 
1.087254 
4.573508 
3.654916 
3.326767 
6.589263 
5.879036 
3.610250 
12.607345 
10.552602 
7.531371 
4.393334 
7.151772 
8.066268 
1.318226 
4.882221 
1.594444 
4.460619 
2.729651 
2.591929 
3.198399 
7.872756 
10.322038 
3.008414 
4.689297 
2.957915 
2.234970 
3.323728 
17.459316 
13.394220 
4.273096 
8.440603 
7.165796 
11.764390 
2.832945 
11.908081 
15.876929 
0.641676 
6.079354 
11.206537 
2.432180 
6.190870 
12.162472 
6.676844 
9.504199 
7.009902 
5.646026 
11.074693 
1.825142 
7.313763 
8.122302 
3.436309 
1.802867 
2.299383 
7.889846 
6.693580 
1.739400 
2.902067 
0.871120 
1.939315 
0.550438 
2.535259 
0.726908 
4.219500 
2.735385 
2.744386 
1.551229 
2.895322 
7.683009 
5.610643 
2.043402 
5.752738 
4.887550 
1.467429 
0.950609 
5.694335 
2.599166 
6.241488 
3.202504 
5.020737 
0.723906 
2.357835 
1.907584 
3.985756 
2.670425 
3.731785 
7.353799 
2.633302 
4.039014 
0.508928 
4.682754 
6.414082 
5.185907 
5.128349 
4.247321 
1.500719 
2.134252 
8.612336 
3.353549 
8.314375 
3.110076 
3.381771 
1.599970 
2.884452 
1.836222 
2.794308 
1.978038 
0.830299 
2.249336 
4.731892 
1.734374 
1.176838 
2.251551 
2.751816 
1.716835 
3.198497 
0.757878 
2.765438 
1.459870 
3.264184 
2.959104 
4.415289 
2.552512 
2.270118 
0.802977 
2.002373 
0.582318 
6.322093 
14.799068 
19.220900 
11.327271 
6.013214 
9.387635 
6.344353 
2.125662 
7.077398 
6.970094 
14.439241 
12.575130 
16.708406 
8.282048 
9.176038 
13.212528 
9.694525 
25.524714 
7.730444 
11.278948 
2.810173 
22.681656 
5.892736 
10.331560 
0.411524 
3.503562 
10.296165 
16.470768 
6.829776 
8.743325 
11.425249 
3.695608 
4.224120 
13.416754 
9.094272 
16.361538 
8.679986 
13.078641 
10.970667 
14.100456 
5.565124 
17.319572 
14.881447 
4.044136 
3.810216 
5.404050 
4.944177 
2.908740 
4.409087 
4.521282 
3.018895 
3.739316 
4.694950 
5.915874 
5.449060 
6.450161 
2.852503 
3.856770 
0.753427 
4.047670 
3.972623 
2.340397 
2.681895 
1.375036 
3.113024 
2.209602 
5.405423 
1.400142 
0.745816 
2.323024 
0.337486 
8.061120 
8.017425 
2.729918 
5.833418 
2.131395 
2.400626 
2.641187 
0.435482 
2.525037 
3.136664 
0.718097 
2.008370 
3.061777 
0.635284 
0.398658 
1.360650 
0.856942 
0.295703 
1.108267 
1.493229 
0.654061 
1.450680 
2.873223 
0.438834 
1.392852 
0.738769 
0.886774 
1.961530 
0.717309 
2.063575 
1.402038 
2.239497 
1.725897 
2.318653 
2.894596 
3.477635 
1.271309 
2.861255 
0.574030 
1.404001 
1.384583 
2.788244 
0.137607 
1.924351 
0.483950 
0.785809 
1.549981 
1.214445 
1.650715 
1.292555 
0.454250 
0.514183 
0.274178 
0.760745 
1.075581 
0.384539 
1.825508 
0.884970 
0.410820 
1.026933 
0.299480 
1.411514 
0.160668 
0.586215 
1.698677 
1.489850 
2.187773 
1.375473 
7.116243 
1.396765 
3.675005 
6.539838 
4.600217 
1.945872 
2.275496 
4.291932 
4.147108 
2.067957 
6.085218 
11.845240 
5.878093 
9.976773 
4.666676 
16.777664 
8.499354 
11.281446 
7.044784 
5.201887 
2.896000 
4.652639 
3.248247 
2.317387 
5.685629 
5.854137 
5.921531 
6.036614 
8.242116 
5.227068 
4.079370 
7.671424 
7.561002 
2.718893 
4.720720 
10.473518 
10.707353 
7.476583 
0.779526 
6.663819 
6.976012 
3.711198 
4.927052 
4.642467 
1.935881 
12.265261 
6.863941 
3.393739 
1.663506 
5.470824 
4.535776 
4.513041 
3.251447 
1.069449 
0.617764 
1.500136 
1.137075 
1.466853 
4.037969 
0.811200 
3.980673 
0.100830 
2.363982 
1.936290 
1.972836 
0.698299 
2.651077 
5.572879 
2.181311 
0.286674 
2.366740 
3.244420 
0.287711 
4.830135 
3.094080 
2.050269 
3.209565 
1.879848 
1.869353 
1.160444 
5.622535 
1.779804 
5.297774 
1.300725 
2.121072 
2.034431 
2.967376 
1.604630 
2.666814 
1.042164 
3.019456 
5.387674 
1.949895 
1.039943 
2.374773 
0.741610 
1.544711 
2.532706 
6.587587 
1.574962 
7.781027 
2.786803 
3.178842 
1.914535 
3.793007 
1.017530 
2.461678 
4.757252 
1.168841 
0.595544 
5.971408 
1.131412 
4.735981 
1.007216 
0.715026 
4.395092 
2.426165 
4.684424 
5.378570 
2.197855 
2.704914 
2.017122 
1.815846 
3.067110 
3.339451 
0.908966 
10.958799 
15.235049 
16.625771 
4.402067 
6.090558 
7.967929 
4.384903 
9.433316 
12.215664 
17.248652 
8.069373 
18.479719 
24.723713 
19.505129 
9.143833 
2.726957 
23.131594 
14.887633 
5.294220 
11.648700 
2.826563 
7.466520 
9.854492 
22.638840 
27.048847 
7.039054 
12.387302 
25.332603 
8.323277 
34.073746 
25.282162 
9.460064 
21.087082 
40.962658 
26.881149 
15.972464 
6.455262 
45.059628 
25.469669 
28.709322 
53.544155 
26.475986 
69.844261 
26.820408 
23.424480 
9.400327 
43.174377 
33.435253 
14.158418 
5.156718 
28.161633 
18.444525 
32.316338 
10.712934 
12.418322 
14.337804 
16.515318 
29.845497 
24.512417 
7.789328 
19.315834 
31.342724 
16.085329 
17.035427 
31.174446 
25.097486 
18.026962 
11.621432 
3.901925 
10.305619 
2.591151 
3.682768 
5.587641 
5.274536 
8.503918 
4.613417 
1.733942 
3.436041 
3.708990 
7.350021 
3.005039 
4.771038 
3.854050 
2.997926 
4.169145 
0.668739 
1.813639 
8.811539 
2.663337 
2.746694 
3.403434 
1.880268 
3.218498 
3.123019 
2.052985 
1.642335 
1.314540 
2.655316 
1.220689 
2.817399 
1.531640 
1.016157 
4.489719 
0.293964 
0.506577 
6.274636 
0.590739 
2.753834 
6.670730 
2.933857 
1.300084 
3.014612 
5.059056 
0.240054 
3.031599 
12.032672 
6.233499 
10.250396 
5.953450 
2.323963 
9.860818 
1.475225 
4.248856 
2.644554 
4.305740 
4.492208 
3.293396 
7.697552 
1.931748 
4.236672 
16.754820 
6.854123 
8.553111 
10.499089 
15.552501 
4.772881 
7.260358 
14.161139 
10.649430 
7.051230 
7.518167 
8.903193 
10.274662 
2.887375 
21.987852 
3.710996 
13.824010 
6.944459 
5.163910 
12.889767 
23.331163 
22.343918 
12.775819 
21.236687 
16.473061 
11.064063 
9.075734 
26.806948 
10.235298 
50.257587 
16.838364 
38.818172 
7.723640 
17.018730 
40.208248 
60.385120 
24.335140 
43.976738 
37.622978 
109.047646 
55.570801 
57.567638 
52.262959 
40.261047 
21.988180 
7.474785 
17.108215 
17.979856 
42.792549 
33.627876 
36.586834 
39.458508 
39.493206 
62.255497 
25.129269 
23.334492 
20.631788 
13.542970 
42.986443 
18.990414 
13.353401 
21.240156 
14.882606 
22.334354 
7.908989 
30.732922 
12.138954 
12.530828 
5.842224 
18.041454 
6.788138 
8.233198 
2.836620 
9.831421 
11.123926 
3.264127 
5.225415 
9.224079 
8.853507 
7.895429 
2.808853 
2.182052 
5.725117 
4.777277 
10.396661 
10.307617 
6.619312 
9.770990 
2.860286 
8.440099 
4.268522 
9.957638 
5.864956 
12.300220 
0.776507 
2.779138 
4.899543 
8.619964 
8.638534 
10.755052 
6.615409 
5.729186 
4.934898 
3.693732 
18.199677 
12.961283 
2.371553 
3.766637 
1.481385 
0.759155 
0.544268 
3.449775 
3.755223 
5.430736 
3.076113 
44.729771 
9.201243 
16.079306 
22.392424 
13.942158 
12.894964 
2.821217 
3.965504 
5.794406 
6.702208 
9.536186 
14.354815 
17.602531 
11.958824 
5.009450 
4.680575 
4.095366 
2.567554 
2.905607 
6.669144 
8.392002 
16.630621 
11.865765 
5.421313 
7.049932 
15.647498 
9.946875 
12.530146 
25.614624 
27.257572 
24.845415 
5.952774 
9.163430 
12.292934 
4.740091 
33.305782 
26.085440 
29.779232 
31.501259 
52.989422 
60.499557 
38.999928 
35.324539 
16.356945 
5.469383 
16.105515 
18.355396 
17.678978 
5.596702 
28.760904 
21.889639 
9.489925 
8.880772 
14.990729 
19.286510 
14.591992 
15.915633 
26.113445 
18.697590 
12.232553 
49.928802 
59.729111 
45.545555 
12.361264 
50.125957 
21.706190 
20.847958 
59.026768 
10.612465 
80.536270 
22.990358 
16.700188 
19.039150 
24.698460 
31.604511 
11.925046 
18.373344 
18.428699 
16.329956 
18.758503 
33.796780 
6.112046 
19.236614 
5.390379 
7.835275 
4.296857 
1.744922 
7.145168 
12.829597 
12.226698 
5.127907 
0.757113 
4.210162 
7.994528 
4.566937 
2.468220 
9.509089 
3.415853 
3.497126 
4.551630 
6.039372 
5.597970 
3.501833 
0.298717 
0.762887 
0.650468 
1.292963 
3.466201 
2.727516 
1.432876 
3.467742 
1.740202 
1.306986 
4.484294 
6.311999 
4.637063 
1.834285 
0.851270 
0.127284 
3.896423 
6.435559 
5.551845 
0.655650 
3.567814 
1.155324 
1.246953 
2.460275 
7.865112 
0.758494 
1.129971 
0.365179 
1.926001 
2.339252 
1.693031 
1.333626 
2.170925 
4.865170 
2.674675 
2.000517 
2.485034 
3.248963 
0.662980 
9.358074 
1.297638 
4.694359 
3.906267 
4.221260 
2.685225 
6.533793 
4.402698 
6.601774 
0.636309 
0.592344 
3.207299 
4.109345 
1.512950 
1.786296 
5.128461 
6.049520 
12.589896 
12.623770 
2.692982 
12.396554 
24.342583 
16.979740 
7.050832 
19.145782 
13.059962 
4.650126 
1.723312 
10.182524 
2.624683 
15.292466 
7.537054 
9.964711 
0.868341 
1.347970 
1.893327 
12.839003 
6.977959 
19.264103 
10.036825 
12.738129 
22.367048 
30.188080 
7.820478 
26.084724 
19.910299 
20.563927 
45.491177 
23.035200 
31.865158 
9.537486 
35.421032 
30.053944 
34.599728 
40.381390 
6.085633 
39.042221 
32.211830 
12.947092 
20.769905 
31.505814 
51.849072 
66.789192 
43.467323 
50.555893 
24.125584 
21.581448 
3.444130 
20.942089 
4.756819 
18.732038 
21.754196 
13.757401 
12.910717 
2.527254 
0.194304 
4.131534 
1.497582 
2.753414 
1.434128 
15.116452 
6.293364 
5.059371 
2.507952 
0.728588 
1.399666 
3.009864 
2.528981 
4.159406 
2.473720 
4.446620 
1.314039 
1.550049 
2.541441 
4.994294 
3.687414 
4.786975 
151.613403 
28.985367 
14.237909 
3.911841 
2.211323 
0.835475 
0.593390 
3.400614 
1.025615 
2.340969 
1.825608 
1.581679 
5.902792 
1.221226 
0.140607 
2.094205 
1.401476 
4.614757 
1.483104 
0.948847 
0.902114 
6.106172 
0.814102 
2.465501 
4.952539 
3.076711 
0.526315 
1.022485 
2.811884 
4.508922 
0.144754 
2.594206 
1.130229 
4.523295 
0.778709 
6.603997 
2.977440 
1.739299 
2.626615 
5.725557 
0.835682 
4.085789 
9.666890 
6.962714 
4.150412 
2.458491 
8.422157 
7.586022 
5.206012 
1.448856 
4.514618 
6.323345 
10.333608 
6.637531 
1.794491 
2.051677 
3.199666 
1.431641 
6.294831 
12.522274 
14.426414 
10.124477 
13.616425 
17.946302 
20.418072 
28.305990 
17.408060 
25.957743 
31.313337 
33.445808 
32.134018 
28.711946 
20.663208 
30.215916 
20.078215 
11.788884 
17.232126 
9.474711 
30.607695 
20.602301 
3.464839 
11.456845 
5.240974 
47.197113 
36.177139 
28.334400 
3.937486 
20.496065 
46.421490 
46.115120 
98.068367 
22.363493 
71.111847 
7.716837 
85.485130 
21.259686 
9.397873 
13.312334 
45.929504 
4.113380 
24.924358 
17.348885 
12.088265 
4.274168 
25.034775 
12.780984 
12.538993 
6.231555 
10.095997 
3.484378 
4.569218 
8.182886 
5.385632 
2.486968 
4.162016 
1.092948 
2.325199 
5.679371 
0.644055 
1.889361 
10.486859 
2.258025 
5.354164 
3.347507 
1.190022 
0.330069 
0.830494 
1.316856 
0.956107 
0.671168 
5.419922 
1.203261 
0.532629 
3.826136 
2.218215 
1.927929 
1.643544 
3.618425 
3.121033 
6.889778 
1.403653 
0.590663 
2.514716 
2.089245 
5.102796 
1.441991 
0.679101 
1.679108 
0.250608 
1.187921 
4.094629 
3.965759 
0.488107 
0.885500 
7.023127 
7.533081 
6.043595 
6.521154 
1.867445 
0.840948 
3.245220 
3.405457 
1.300470 
3.902335 
9.544600 
4.794853 
4.243076 
5.843567 
3.242621 
1.634763 
1.011418 
2.603998 
4.359169 
4.299831 
2.359293 
7.846258 
0.916429 
4.569026 
16.560501 
7.955948 
6.699001 
11.866269 
8.946078 
1.654760 
14.461392 
15.563738 
7.125078 
3.173430 
12.086392 
25.438454 
6.598314 
14.363614 
3.084297 
13.906470 
18.452991 
11.493292 
5.989728 
9.019670 
24.960520 
36.806545 
79.317062 
49.109371 
49.272930 
61.806568 
38.260963 
3.087448 
2.256963 
7.211448 
20.805340 
28.097765 
48.979778 
20.088428 
71.940758 
124.441002 
124.306999 
22.097103 
61.574200 
82.965584 
123.393486 
66.375969 
115.225349 
104.425674 
41.299053 
82.892532 
119.414169 
7.134820 
171.317352 
97.478111 
108.577415 
199.984283 
133.275223 
152.717789 
10.020325 
47.096462 
59.670357 
44.828350 
25.925861 
30.735077 
1.820195 
24.079807 
15.891393 
23.458431 
8.362454 
11.563528 
17.176865 
5.992275 
4.412697 
19.000868 
17.331177 
2.356606 
9.964759 
11.239832 
1.867984 
2.151292 
3.301125 
1.971011 
5.013457 
7.402119 
0.879081 
6.337757 
19.652664 
1.834204 
6.886252 
11.089173 
7.031470 
4.058954 
2.835679 
15.375327 
4.016381 
8.950009 
8.216161 
1.098710 
12.539008 
28.131823 
6.306404 
9.949926 
3.916078 
7.163861 
16.605350 
18.970716 
13.641732 
16.929569 
14.389211 
8.707316 
25.791008 
21.426275 
9.351574 
43.412838 
8.144176 
29.710920 
6.283681 
1.323697 
4.972198 
41.268993 
1.688728 
25.704765 
15.245231 
9.855520 
2.829150 
37.060074 
15.200287 
22.981627 
27.420498 
44.353592 
5.241238 
3.846869 
2.608603 
5.178335 
5.158774 
43.109451 
10.767704 
31.043453 
18.278105 
33.182835 
22.706751 
27.624687 
8.479218 
28.061876 
15.195321 
23.382156 
32.163040 
24.704210 
12.928088 
7.436558 
29.445354 
15.449375 
16.900524 
6.448008 
28.892376 
33.334442 
3.863573 
23.762310 
15.348701 
5.995800 
0.258675 
5.821623 
33.395138 
4.485789 
34.333004 
28.806335 
73.034302 
78.963562 
5.932791 
24.207943 
49.997749 
13.143723 
12.770259 
26.747679 
36.867870 
174.493393 
216.459167 
202.921341 
51.390045 
65.952705 
30.663652 
209.642120 
54.023201 
177.796890 
118.422920 
85.790604 
102.244339 
5.336524 
5.437383 
15.880559 
80.578072 
13.279874 
16.586905 
22.418119 
21.991301 
22.996195 
29.700815 
12.701830 
41.070408 
12.177155 
12.215417 
9.159611 
1.657300 
6.955110 
8.153853 
15.272132 
4.012515 
7.097187 
13.569467 
3.977171 
5.315193 
5.195146 
12.066919 
9.686636 
5.940374 
5.747222 
2.506099 
4.855929 
0.509731 
3.774266 
1.463389 
8.994350 
5.253927 
7.515618 
6.793715 
10.693680 
2.055867 
11.298915 
3.979806 
2.605014 
6.896042 
6.638898 
8.444848 
9.279346 
1.838041 
6.846195 
8.115449 
3.980983 
9.075845 
2.442601 
7.135532 
11.291936 
6.719761 
3.983920 
5.110902 
4.238586 
6.325576 
11.551117 
5.374475 
8.872852 
4.069561 
11.179747 
1.932461 
0.307245 
12.471009 
0.918536 
6.703856 
3.189595 
21.267042 
1.391522 
12.380094 
11.224689 
4.677202 
10.386934 
2.347453 
28.156431 
10.573999 
2.736346 
8.062713 
4.957046 
4.974890 
28.084875 
18.199045 
9.515227 
43.279949 
8.266024 
10.995978 
11.444942 
12.369291 
15.187737 
6.253609 
22.956602 
27.556213 
18.799459 
10.625622 
38.595535 
30.877396 
46.397030 
16.083473 
19.518787 
27.015223 
7.205678 
4.580399 
18.376091 
11.626204 
2.572530 
11.183037 
28.993145 
65.273338 
6.286045 
22.385466 
12.283435 
59.127190 
46.504559 
58.068226 
113.210770 
74.201630 
45.922241 
51.633614 
13.741322 
114.079849 
165.922226 
205.903168 
87.058769 
48.638321 
497.630371 
83.731064 
465.010529 
55.849022 
140.010773 
194.137192 
42.557331 
20.262842 
48.021469 
1.721470 
6.534736 
73.258202 
74.623077 
55.354694 
44.436619 
0.381084 
10.444732 
0.562837 
59.897675 
10.890435 
24.031908 
14.246663 
2.629648 
18.628338 
8.720976 
3.791736 
14.971420 
5.754735 
4.853324 
1.228819 
30.780752 
1.439493 
4.008993 
16.582893 
17.232334 
6.804020 
7.951760 
8.761554 
5.232218 
3.969308 
11.894573 
17.533859 
20.903107 
51.906975 
10.551954 
37.540970 
31.498930 
68.648270 
28.247965 
30.401327 
20.586599 
34.020779 
80.975388 
11.605334 
23.125929 
27.064764 
15.838080 
13.698087 
19.680326 
5.028916 
43.378803 
17.062096 
8.508967 
30.154985 
8.418527 
3.888814 
2.051360 
1.764690 
27.012093 
11.433130 
12.834235 
31.510448 
9.041928 
21.379646 
11.096851 
46.182014 
20.682999 
8.879585 
11.262555 
0.154170 
25.661066 
15.341755 
6.298823 
16.102934 
54.369408 
12.119823 
34.438076 
13.980503 
10.203911 
43.615189 
30.836031 
3.003896 
8.017264 
39.890144 
19.375681 
18.700357 
27.234543 
14.459729 
48.184483 
48.783314 
23.439959 
48.006603 
6.178283 
50.559841 
41.513645 
60.515652 
13.773745 
56.289486 
44.192585 
51.704483 
47.300533 
120.684784 
56.853764 
99.450241 
62.599628 
57.989231 
19.703732 
45.370262 
232.652725 
165.498932 
35.400845 
3.204035 
47.064285 
24.019852 
176.364655 
129.710266 
258.461884 
196.181061 
163.639008 
267.237946 
155.623337 
168.247787 
605.360413 
1312.437988 
1718.888794 
644.743652 
535.215942 
391.701080 
214.071732 
68.508514 
184.278381 
95.006409 
52.263725 
24.121660 
19.026634 
2.542302 
38.259102 
13.759301 
5.809637 
10.653414 
7.163995 
6.067923 
6.164661 
2.240022 
14.097298 
4.577212 
31.309834 
34.635494 
34.126770 
1.081634 
4.426495 
18.150673 
17.126345 
1.662516 
7.710599 
7.936306 
0.214722 
3.323574 
4.684159 
10.026745 
16.524689 
8.686314 
6.266865 
9.230487 
4.704773 
2.350242 
2.000164 
2.343749 
0.269307 
4.876049 
3.748929 
7.850714 
2.903445 
1.454996 
4.213383 
1.492347 
2.381841 
3.200017 
5.089709 
1.600387 
0.021958 
4.362316 
7.133804 
2.023942 
2.452484 
1.193326 
5.279085 
0.943567 
2.957010 
1.420024 
1.707657 
1.858753 
1.747210 
0.065286 
5.502438 
0.211909 
2.873428 
0.402602 
0.535718 
1.114277 
1.257356 
0.429992 
0.798057 
0.762210 
0.003767 
1.385340 
2.909974 
1.820349 
0.077347 
0.341061 
0.290957 
0.026136 
1.902661 
1.887903 
2.713369 
1.278115 
1.961769 
0.335912 
0.167134 
0.668655 
0.572426 
1.666430 
0.490824 
0.401789 
0.046064 
0.233002 
0.821281 
0.118334 
0.316022 
0.434629 
0.997108 
0.045159 
0.013994 
0.103904 
0.743231 
0.145322 
0.067719 
1.453978 
0.876269 
0.274999 
0.637843 
0.681981 
0.650983 
1.759118 
0.433324 
0.031868 
0.909514 
0.652220 
0.092831 
0.008530 
0.376529 
0.285024 
0.812414 
0.078347 
0.451530 
1.868671 
0.187899 
1.599157 
0.927852 
