0.000000 	 0.000000  
0.001571 	 -0.000089  
0.003142 	 -0.000179  
0.004712 	 -0.000268  
0.006283 	 -0.000357  
0.007854 	 -0.000447  
0.009425 	 -0.000537  
0.010996 	 -0.000627  
0.012566 	 -0.000716  
0.014137 	 -0.000807  
0.015708 	 -0.000897  
0.017279 	 -0.000988  
0.018850 	 -0.001079  
0.020420 	 -0.001170  
0.021991 	 -0.001261  
0.023562 	 -0.001353  
0.025133 	 -0.001445  
0.026704 	 -0.001538  
0.028274 	 -0.001631  
0.029845 	 -0.001724  
0.031416 	 -0.001818  
0.032987 	 -0.001913  
0.034558 	 -0.002008  
0.036128 	 -0.002103  
0.037699 	 -0.002199  
0.039270 	 -0.002296  
0.040841 	 -0.002394  
0.042412 	 -0.002492  
0.043982 	 -0.002590  
0.045553 	 -0.002690  
0.047124 	 -0.002790  
0.048695 	 -0.002891  
0.050265 	 -0.002993  
0.051836 	 -0.003096  
0.053407 	 -0.003200  
0.054978 	 -0.003305  
0.056549 	 -0.003411  
0.058119 	 -0.003517  
0.059690 	 -0.003625  
0.061261 	 -0.003734  
0.062832 	 -0.003844  
0.064403 	 -0.003956  
0.065973 	 -0.004068  
0.067544 	 -0.004182  
0.069115 	 -0.004298  
0.070686 	 -0.004414  
0.072257 	 -0.004533  
0.073827 	 -0.004652  
0.075398 	 -0.004773  
0.076969 	 -0.004896  
0.078540 	 -0.005021  
0.080111 	 -0.005147  
0.081681 	 -0.005275  
0.083252 	 -0.005405  
0.084823 	 -0.005537  
0.086394 	 -0.005671  
0.087965 	 -0.005807  
0.089535 	 -0.005946  
0.091106 	 -0.006086  
0.092677 	 -0.006229  
0.094248 	 -0.006374  
0.095819 	 -0.006522  
0.097389 	 -0.006673  
0.098960 	 -0.006826  
0.100531 	 -0.006982  
0.102102 	 -0.007141  
0.103673 	 -0.007303  
0.105243 	 -0.007468  
0.106814 	 -0.007636  
0.108385 	 -0.007808  
0.109956 	 -0.007984  
0.111527 	 -0.008163  
0.113097 	 -0.008346  
0.114668 	 -0.008533  
0.116239 	 -0.008724  
0.117810 	 -0.008920  
0.119381 	 -0.009120  
0.120951 	 -0.009325  
0.122522 	 -0.009535  
0.124093 	 -0.009751  
0.125664 	 -0.009971  
0.127235 	 -0.010198  
0.128805 	 -0.010430  
0.130376 	 -0.010668  
0.131947 	 -0.010913  
0.133518 	 -0.011165  
0.135088 	 -0.011424  
0.136659 	 -0.011690  
0.138230 	 -0.011964  
0.139801 	 -0.012246  
0.141372 	 -0.012537  
0.142942 	 -0.012838  
0.144513 	 -0.013147  
0.146084 	 -0.013467  
0.147655 	 -0.013798  
0.149226 	 -0.014140  
0.150796 	 -0.014493  
0.152367 	 -0.014860  
0.153938 	 -0.015239  
0.155509 	 -0.015633  
0.157080 	 -0.016041  
0.158650 	 -0.016466  
0.160221 	 -0.016907  
0.161792 	 -0.017366  
0.163363 	 -0.017845  
0.164934 	 -0.018344  
0.166504 	 -0.018864  
0.168075 	 -0.019408  
0.169646 	 -0.019977  
0.171217 	 -0.020573  
0.172788 	 -0.021198  
0.174358 	 -0.021854  
0.175929 	 -0.022544  
0.177500 	 -0.023270  
0.179071 	 -0.024035  
0.180642 	 -0.024843  
0.182212 	 -0.025698  
0.183783 	 -0.026603  
0.185354 	 -0.027564  
0.186925 	 -0.028586  
0.188496 	 -0.029674  
0.190066 	 -0.030837  
0.191637 	 -0.032082  
0.193208 	 -0.033417  
0.194779 	 -0.034854  
0.196350 	 -0.036405  
0.197920 	 -0.038083  
0.199491 	 -0.039906  
0.201062 	 -0.041893  
0.202633 	 -0.044067  
0.204204 	 -0.046457  
0.205774 	 -0.049097  
0.207345 	 -0.052028  
0.208916 	 -0.055300  
0.210487 	 -0.058979  
0.212058 	 -0.063145  
0.213628 	 -0.067901  
0.215199 	 -0.073383  
0.216770 	 -0.079772  
0.218341 	 -0.087312  
0.219911 	 -0.096344  
0.221482 	 -0.107360  
0.223053 	 -0.121091  
0.224624 	 -0.138676  
0.226195 	 -0.161986  
0.227765 	 -0.194321  
0.229336 	 -0.242050  
0.230907 	 -0.319107  
0.232478 	 -0.461676  
0.234049 	 -0.785423  
0.235619 	 1.567488  
0.237190 	 0.785386  
0.238761 	 0.465587  
0.240332 	 0.324334  
0.241903 	 0.247821  
0.243473 	 0.200359  
0.245044 	 0.168176  
0.246615 	 0.144960  
0.248186 	 0.127437  
0.249757 	 0.113749  
0.251327 	 0.102764  
0.252898 	 0.093756  
0.254469 	 0.086235  
0.256040 	 0.079862  
0.257611 	 0.074392  
0.259181 	 0.069646  
0.260752 	 0.065490  
0.262323 	 0.061819  
0.263894 	 0.058554  
0.265465 	 0.055631  
0.267035 	 0.052997  
0.268606 	 0.050613  
0.270177 	 0.048445  
0.271748 	 0.046464  
0.273319 	 0.044646  
0.274889 	 0.042973  
0.276460 	 0.041428  
0.278031 	 0.039997  
0.279602 	 0.038666  
0.281173 	 0.037427  
0.282743 	 0.036270  
0.284314 	 0.035187  
0.285885 	 0.034171  
0.287456 	 0.033216  
0.289027 	 0.032316  
0.290597 	 0.031467  
0.292168 	 0.030665  
0.293739 	 0.029906  
0.295310 	 0.029186  
0.296881 	 0.028503  
0.298451 	 0.027854  
0.300022 	 0.027236  
0.301593 	 0.026646  
0.303164 	 0.026084  
0.304734 	 0.025547  
0.306305 	 0.025034  
0.307876 	 0.024542  
0.309447 	 0.024071  
0.311018 	 0.023620  
0.312588 	 0.023186  
0.314159 	 0.022770  
0.315730 	 0.022369  
0.317301 	 0.021984  
0.318872 	 0.021613  
0.320442 	 0.021255  
0.322013 	 0.020910  
0.323584 	 0.020577  
0.325155 	 0.020256  
0.326726 	 0.019945  
0.328296 	 0.019645  
0.329867 	 0.019355  
0.331438 	 0.019073  
0.333009 	 0.018801  
0.334580 	 0.018537  
0.336150 	 0.018281  
0.337721 	 0.018033  
0.339292 	 0.017792  
0.340863 	 0.017558  
0.342434 	 0.017331  
0.344004 	 0.017110  
0.345575 	 0.016895  
0.347146 	 0.016687  
0.348717 	 0.016483  
0.350288 	 0.016286  
0.351858 	 0.016093  
0.353429 	 0.015905  
0.355000 	 0.015722  
0.356571 	 0.015544  
0.358142 	 0.015370  
0.359712 	 0.015201  
0.361283 	 0.015035  
0.362854 	 0.014873  
0.364425 	 0.014716  
0.365996 	 0.014562  
0.367566 	 0.014411  
0.369137 	 0.014264  
0.370708 	 0.014120  
0.372279 	 0.013979  
0.373850 	 0.013841  
0.375420 	 0.013707  
0.376991 	 0.013575  
0.378562 	 0.013446  
0.380133 	 0.013320  
0.381704 	 0.013196  
0.383274 	 0.013074  
0.384845 	 0.012956  
0.386416 	 0.012839  
0.387987 	 0.012725  
0.389557 	 0.012613  
0.391128 	 0.012503  
0.392699 	 0.012396  
0.394270 	 0.012290  
0.395841 	 0.012186  
0.397411 	 0.012085  
0.398982 	 0.011985  
0.400553 	 0.011887  
0.402124 	 0.011790  
0.403695 	 0.011696  
0.405265 	 0.011603  
0.406836 	 0.011512  
0.408407 	 0.011422  
0.409978 	 0.011334  
0.411549 	 0.011247  
0.413119 	 0.011161  
0.414690 	 0.011078  
0.416261 	 0.010995  
0.417832 	 0.010914  
0.419403 	 0.010834  
0.420973 	 0.010756  
0.422544 	 0.010678  
0.424115 	 0.010602  
0.425686 	 0.010527  
0.427257 	 0.010453  
0.428827 	 0.010381  
0.430398 	 0.010309  
0.431969 	 0.010239  
0.433540 	 0.010169  
0.435111 	 0.010101  
0.436681 	 0.010033  
0.438252 	 0.009967  
0.439823 	 0.009902  
0.441394 	 0.009837  
0.442965 	 0.009774  
0.444535 	 0.009711  
0.446106 	 0.009649  
0.447677 	 0.009588  
0.449248 	 0.009528  
0.450819 	 0.009469  
0.452389 	 0.009410  
0.453960 	 0.009352  
0.455531 	 0.009295  
0.457102 	 0.009239  
0.458673 	 0.009184  
0.460243 	 0.009129  
0.461814 	 0.009075  
0.463385 	 0.009021  
0.464956 	 0.008969  
0.466527 	 0.008917  
0.468097 	 0.008865  
0.469668 	 0.008815  
0.471239 	 0.008764  
0.472810 	 0.008715  
0.474380 	 0.008666  
0.475951 	 0.008618  
0.477522 	 0.008570  
0.479093 	 0.008523  
0.480664 	 0.008476  
0.482234 	 0.008430  
0.483805 	 0.008385  
0.485376 	 0.008340  
0.486947 	 0.008295  
0.488518 	 0.008251  
0.490088 	 0.008208  
0.491659 	 0.008165  
0.493230 	 0.008123  
0.494801 	 0.008080  
0.496372 	 0.008039  
0.497942 	 0.007998  
0.499513 	 0.007957  
0.501084 	 0.007917  
0.502655 	 0.007877  
0.504226 	 0.007838  
0.505796 	 0.007799  
0.507367 	 0.007761  
0.508938 	 0.007723  
0.510509 	 0.007685  
0.512080 	 0.007647  
0.513650 	 0.007611  
0.515221 	 0.007574  
0.516792 	 0.007538  
0.518363 	 0.007502  
0.519934 	 0.007467  
0.521504 	 0.007431  
0.523075 	 0.007397  
0.524646 	 0.007362  
0.526217 	 0.007328  
0.527788 	 0.007295  
0.529358 	 0.007261  
0.530929 	 0.007228  
0.532500 	 0.007195  
0.534071 	 0.007163  
0.535642 	 0.007131  
0.537212 	 0.007099  
0.538783 	 0.007067  
0.540354 	 0.007036  
0.541925 	 0.007005  
0.543496 	 0.006975  
0.545066 	 0.006944  
0.546637 	 0.006914  
0.548208 	 0.006884  
0.549779 	 0.006855  
0.551350 	 0.006826  
0.552920 	 0.006797  
0.554491 	 0.006768  
0.556062 	 0.006739  
0.557633 	 0.006711  
0.559203 	 0.006683  
0.560774 	 0.006655  
0.562345 	 0.006628  
0.563916 	 0.006600  
0.565487 	 0.006573  
0.567057 	 0.006546  
0.568628 	 0.006520  
0.570199 	 0.006494  
0.571770 	 0.006467  
0.573341 	 0.006442  
0.574911 	 0.006416  
0.576482 	 0.006390  
0.578053 	 0.006365  
0.579624 	 0.006340  
0.581195 	 0.006315  
0.582765 	 0.006290  
0.584336 	 0.006266  
0.585907 	 0.006242  
0.587478 	 0.006217  
0.589049 	 0.006194  
0.590619 	 0.006170  
0.592190 	 0.006146  
0.593761 	 0.006123  
0.595332 	 0.006100  
0.596903 	 0.006077  
0.598473 	 0.006054  
0.600044 	 0.006031  
0.601615 	 0.006009  
0.603186 	 0.005987  
0.604757 	 0.005965  
0.606327 	 0.005943  
0.607898 	 0.005921  
0.609469 	 0.005899  
0.611040 	 0.005878  
0.612611 	 0.005857  
0.614181 	 0.005836  
0.615752 	 0.005814  
0.617323 	 0.005794  
0.618894 	 0.005773  
0.620465 	 0.005752  
0.622035 	 0.005732  
0.623606 	 0.005712  
0.625177 	 0.005692  
0.626748 	 0.005672  
0.628319 	 0.005652  
0.629889 	 0.005632  
0.631460 	 0.005613  
0.633031 	 0.005593  
0.634602 	 0.005574  
0.636173 	 0.005555  
0.637743 	 0.005536  
0.639314 	 0.005517  
0.640885 	 0.005499  
0.642456 	 0.005480  
0.644026 	 0.005462  
0.645597 	 0.005443  
0.647168 	 0.005425  
0.648739 	 0.005407  
0.650310 	 0.005389  
0.651880 	 0.005371  
0.653451 	 0.005353  
0.655022 	 0.005336  
0.656593 	 0.005318  
0.658164 	 0.005301  
0.659734 	 0.005284  
0.661305 	 0.005266  
0.662876 	 0.005249  
0.664447 	 0.005232  
0.666018 	 0.005216  
0.667588 	 0.005199  
0.669159 	 0.005182  
0.670730 	 0.005166  
0.672301 	 0.005149  
0.673872 	 0.005133  
0.675442 	 0.005117  
0.677013 	 0.005101  
0.678584 	 0.005085  
0.680155 	 0.005069  
0.681726 	 0.005053  
0.683296 	 0.005037  
0.684867 	 0.005022  
0.686438 	 0.005006  
0.688009 	 0.004991  
0.689580 	 0.004975  
0.691150 	 0.004960  
0.692721 	 0.004945  
0.694292 	 0.004930  
0.695863 	 0.004915  
0.697434 	 0.004900  
0.699004 	 0.004885  
0.700575 	 0.004871  
0.702146 	 0.004856  
0.703717 	 0.004842  
0.705288 	 0.004827  
0.706858 	 0.004813  
0.708429 	 0.004799  
0.710000 	 0.004784  
0.711571 	 0.004770  
0.713142 	 0.004756  
0.714712 	 0.004742  
0.716283 	 0.004728  
0.717854 	 0.004715  
0.719425 	 0.004701  
0.720996 	 0.004687  
0.722566 	 0.004674  
0.724137 	 0.004660  
0.725708 	 0.004647  
0.727279 	 0.004634  
0.728849 	 0.004620  
0.730420 	 0.004607  
0.731991 	 0.004594  
0.733562 	 0.004581  
0.735133 	 0.004568  
0.736703 	 0.004555  
0.738274 	 0.004542  
0.739845 	 0.004530  
0.741416 	 0.004517  
0.742987 	 0.004504  
0.744557 	 0.004492  
0.746128 	 0.004479  
0.747699 	 0.004467  
0.749270 	 0.004454  
0.750841 	 0.004442  
0.752411 	 0.004430  
0.753982 	 0.004418  
0.755553 	 0.004406  
0.757124 	 0.004394  
0.758695 	 0.004382  
0.760265 	 0.004370  
0.761836 	 0.004358  
0.763407 	 0.004346  
0.764978 	 0.004334  
0.766549 	 0.004323  
0.768119 	 0.004311  
0.769690 	 0.004300  
0.771261 	 0.004288  
0.772832 	 0.004277  
0.774403 	 0.004265  
0.775973 	 0.004254  
0.777544 	 0.004243  
0.779115 	 0.004232  
0.780686 	 0.004220  
0.782257 	 0.004209  
0.783827 	 0.004198  
0.785398 	 0.004187  
0.786969 	 0.004176  
0.788540 	 0.004165  
0.790111 	 0.004155  
0.791681 	 0.004144  
0.793252 	 0.004133  
0.794823 	 0.004122  
0.796394 	 0.004112  
0.797965 	 0.004101  
0.799535 	 0.004091  
0.801106 	 0.004080  
0.802677 	 0.004070  
0.804248 	 0.004060  
0.805819 	 0.004049  
0.807389 	 0.004039  
0.808960 	 0.004029  
0.810531 	 0.004019  
0.812102 	 0.004008  
0.813672 	 0.003998  
0.815243 	 0.003988  
0.816814 	 0.003978  
0.818385 	 0.003968  
0.819956 	 0.003959  
0.821526 	 0.003949  
0.823097 	 0.003939  
0.824668 	 0.003929  
0.826239 	 0.003919  
0.827810 	 0.003910  
0.829380 	 0.003900  
0.830951 	 0.003891  
0.832522 	 0.003881  
0.834093 	 0.003872  
0.835664 	 0.003862  
0.837234 	 0.003853  
0.838805 	 0.003843  
0.840376 	 0.003834  
0.841947 	 0.003825  
0.843518 	 0.003815  
0.845088 	 0.003806  
0.846659 	 0.003797  
0.848230 	 0.003788  
0.849801 	 0.003779  
0.851372 	 0.003770  
0.852942 	 0.003761  
0.854513 	 0.003752  
0.856084 	 0.003743  
0.857655 	 0.003734  
0.859226 	 0.003725  
0.860796 	 0.003716  
0.862367 	 0.003708  
0.863938 	 0.003699  
0.865509 	 0.003690  
0.867080 	 0.003682  
0.868650 	 0.003673  
0.870221 	 0.003664  
0.871792 	 0.003656  
0.873363 	 0.003647  
0.874934 	 0.003639  
0.876504 	 0.003630  
0.878075 	 0.003622  
0.879646 	 0.003613  
0.881217 	 0.003605  
0.882788 	 0.003597  
0.884358 	 0.003589  
0.885929 	 0.003580  
0.887500 	 0.003572  
0.889071 	 0.003564  
0.890642 	 0.003556  
0.892212 	 0.003548  
0.893783 	 0.003540  
0.895354 	 0.003532  
0.896925 	 0.003524  
0.898495 	 0.003516  
0.900066 	 0.003508  
0.901637 	 0.003500  
0.903208 	 0.003492  
0.904779 	 0.003484  
0.906349 	 0.003476  
0.907920 	 0.003468  
0.909491 	 0.003461  
0.911062 	 0.003453  
0.912633 	 0.003445  
0.914203 	 0.003437  
0.915774 	 0.003430  
0.917345 	 0.003422  
0.918916 	 0.003415  
0.920487 	 0.003407  
0.922057 	 0.003400  
0.923628 	 0.003392  
0.925199 	 0.003385  
0.926770 	 0.003377  
0.928341 	 0.003370  
0.929911 	 0.003362  
0.931482 	 0.003355  
0.933053 	 0.003348  
0.934624 	 0.003340  
0.936195 	 0.003333  
0.937765 	 0.003326  
0.939336 	 0.003319  
0.940907 	 0.003312  
0.942478 	 0.003304  
0.944049 	 0.003297  
0.945619 	 0.003290  
0.947190 	 0.003283  
0.948761 	 0.003276  
0.950332 	 0.003269  
0.951903 	 0.003262  
0.953473 	 0.003255  
0.955044 	 0.003248  
0.956615 	 0.003241  
0.958186 	 0.003234  
0.959757 	 0.003227  
0.961327 	 0.003220  
0.962898 	 0.003214  
0.964469 	 0.003207  
0.966040 	 0.003200  
0.967611 	 0.003193  
0.969181 	 0.003187  
0.970752 	 0.003180  
0.972323 	 0.003173  
0.973894 	 0.003167  
0.975465 	 0.003160  
0.977035 	 0.003153  
0.978606 	 0.003147  
0.980177 	 0.003140  
0.981748 	 0.003134  
0.983319 	 0.003127  
0.984889 	 0.003121  
0.986460 	 0.003114  
0.988031 	 0.003108  
0.989602 	 0.003101  
0.991172 	 0.003095  
0.992743 	 0.003088  
0.994314 	 0.003082  
0.995885 	 0.003076  
0.997456 	 0.003069  
0.999026 	 0.003063  
1.000597 	 0.003057  
1.002168 	 0.003051  
1.003739 	 0.003044  
1.005310 	 0.003038  
1.006880 	 0.003032  
1.008451 	 0.003026  
1.010022 	 0.003020  
1.011593 	 0.003014  
1.013164 	 0.003007  
1.014734 	 0.003001  
1.016305 	 0.002995  
1.017876 	 0.002989  
1.019447 	 0.002983  
1.021018 	 0.002977  
1.022588 	 0.002971  
1.024159 	 0.002965  
1.025730 	 0.002959  
1.027301 	 0.002953  
1.028872 	 0.002947  
1.030442 	 0.002942  
1.032013 	 0.002936  
1.033584 	 0.002930  
1.035155 	 0.002924  
1.036726 	 0.002918  
1.038296 	 0.002912  
1.039867 	 0.002907  
1.041438 	 0.002901  
1.043009 	 0.002895  
1.044580 	 0.002889  
1.046150 	 0.002884  
1.047721 	 0.002878  
1.049292 	 0.002872  
1.050863 	 0.002867  
1.052434 	 0.002861  
1.054004 	 0.002855  
1.055575 	 0.002850  
1.057146 	 0.002844  
1.058717 	 0.002839  
1.060288 	 0.002833  
1.061858 	 0.002828  
1.063429 	 0.002822  
1.065000 	 0.002817  
1.066571 	 0.002811  
1.068142 	 0.002806  
1.069712 	 0.002800  
1.071283 	 0.002795  
1.072854 	 0.002789  
1.074425 	 0.002784  
1.075995 	 0.002779  
1.077566 	 0.002773  
1.079137 	 0.002768  
1.080708 	 0.002763  
1.082279 	 0.002757  
1.083849 	 0.002752  
1.085420 	 0.002747  
1.086991 	 0.002741  
1.088562 	 0.002736  
1.090133 	 0.002731  
1.091703 	 0.002726  
1.093274 	 0.002721  
1.094845 	 0.002715  
1.096416 	 0.002710  
1.097987 	 0.002705  
1.099557 	 0.002700  
1.101128 	 0.002695  
1.102699 	 0.002690  
1.104270 	 0.002685  
1.105841 	 0.002680  
1.107411 	 0.002675  
1.108982 	 0.002669  
1.110553 	 0.002664  
1.112124 	 0.002659  
1.113695 	 0.002654  
1.115265 	 0.002649  
1.116836 	 0.002644  
1.118407 	 0.002639  
1.119978 	 0.002635  
1.121549 	 0.002630  
1.123119 	 0.002625  
1.124690 	 0.002620  
1.126261 	 0.002615  
1.127832 	 0.002610  
1.129403 	 0.002605  
1.130973 	 0.002600  
1.132544 	 0.002595  
1.134115 	 0.002591  
1.135686 	 0.002586  
1.137257 	 0.002581  
1.138827 	 0.002576  
1.140398 	 0.002572  
1.141969 	 0.002567  
1.143540 	 0.002562  
1.145111 	 0.002557  
1.146681 	 0.002553  
1.148252 	 0.002548  
1.149823 	 0.002543  
1.151394 	 0.002539  
1.152965 	 0.002534  
1.154535 	 0.002529  
1.156106 	 0.002525  
1.157677 	 0.002520  
1.159248 	 0.002515  
1.160818 	 0.002511  
1.162389 	 0.002506  
1.163960 	 0.002502  
1.165531 	 0.002497  
1.167102 	 0.002493  
1.168672 	 0.002488  
1.170243 	 0.002483  
1.171814 	 0.002479  
1.173385 	 0.002474  
1.174956 	 0.002470  
1.176526 	 0.002465  
1.178097 	 0.002461  
1.179668 	 0.002457  
1.181239 	 0.002452  
1.182810 	 0.002448  
1.184380 	 0.002443  
1.185951 	 0.002439  
1.187522 	 0.002435  
1.189093 	 0.002430  
1.190664 	 0.002426  
1.192234 	 0.002421  
1.193805 	 0.002417  
1.195376 	 0.002413  
1.196947 	 0.002408  
1.198518 	 0.002404  
1.200088 	 0.002400  
1.201659 	 0.002396  
1.203230 	 0.002391  
1.204801 	 0.002387  
1.206372 	 0.002383  
1.207942 	 0.002378  
1.209513 	 0.002374  
1.211084 	 0.002370  
1.212655 	 0.002366  
1.214226 	 0.002362  
1.215796 	 0.002357  
1.217367 	 0.002353  
1.218938 	 0.002349  
1.220509 	 0.002345  
1.222080 	 0.002341  
1.223650 	 0.002337  
1.225221 	 0.002332  
1.226792 	 0.002328  
1.228363 	 0.002324  
1.229934 	 0.002320  
1.231504 	 0.002316  
1.233075 	 0.002312  
1.234646 	 0.002308  
1.236217 	 0.002304  
1.237788 	 0.002300  
1.239358 	 0.002296  
1.240929 	 0.002292  
1.242500 	 0.002288  
1.244071 	 0.002284  
1.245641 	 0.002280  
1.247212 	 0.002276  
1.248783 	 0.002272  
1.250354 	 0.002268  
1.251925 	 0.002264  
1.253495 	 0.002260  
1.255066 	 0.002256  
1.256637 	 0.002252  
1.258208 	 0.002248  
1.259779 	 0.002244  
1.261349 	 0.002240  
1.262920 	 0.002236  
1.264491 	 0.002233  
1.266062 	 0.002229  
1.267633 	 0.002225  
1.269203 	 0.002221  
1.270774 	 0.002217  
1.272345 	 0.002213  
1.273916 	 0.002210  
1.275487 	 0.002206  
1.277057 	 0.002202  
1.278628 	 0.002198  
1.280199 	 0.002194  
1.281770 	 0.002191  
1.283341 	 0.002187  
1.284911 	 0.002183  
1.286482 	 0.002179  
1.288053 	 0.002175  
1.289624 	 0.002172  
1.291195 	 0.002168  
1.292765 	 0.002164  
1.294336 	 0.002161  
1.295907 	 0.002157  
1.297478 	 0.002153  
1.299049 	 0.002150  
1.300619 	 0.002146  
1.302190 	 0.002142  
1.303761 	 0.002139  
1.305332 	 0.002135  
1.306903 	 0.002131  
1.308473 	 0.002128  
1.310044 	 0.002124  
1.311615 	 0.002120  
1.313186 	 0.002117  
1.314757 	 0.002113  
1.316327 	 0.002110  
1.317898 	 0.002106  
1.319469 	 0.002102  
1.321040 	 0.002099  
1.322611 	 0.002095  
1.324181 	 0.002092  
1.325752 	 0.002088  
1.327323 	 0.002085  
1.328894 	 0.002081  
1.330464 	 0.002078  
1.332035 	 0.002074  
1.333606 	 0.002071  
1.335177 	 0.002067  
1.336748 	 0.002064  
1.338318 	 0.002060  
1.339889 	 0.002057  
1.341460 	 0.002053  
1.343031 	 0.002050  
1.344602 	 0.002046  
1.346172 	 0.002043  
1.347743 	 0.002039  
1.349314 	 0.002036  
1.350885 	 0.002033  
1.352456 	 0.002029  
1.354026 	 0.002026  
1.355597 	 0.002022  
1.357168 	 0.002019  
1.358739 	 0.002016  
1.360310 	 0.002012  
1.361880 	 0.002009  
1.363451 	 0.002005  
1.365022 	 0.002002  
1.366593 	 0.001999  
1.368164 	 0.001995  
1.369734 	 0.001992  
1.371305 	 0.001989  
1.372876 	 0.001985  
1.374447 	 0.001982  
1.376018 	 0.001979  
1.377588 	 0.001975  
1.379159 	 0.001972  
1.380730 	 0.001969  
1.382301 	 0.001966  
1.383872 	 0.001962  
1.385442 	 0.001959  
1.387013 	 0.001956  
1.388584 	 0.001953  
1.390155 	 0.001949  
1.391726 	 0.001946  
1.393296 	 0.001943  
1.394867 	 0.001940  
1.396438 	 0.001936  
1.398009 	 0.001933  
1.399580 	 0.001930  
1.401150 	 0.001927  
1.402721 	 0.001924  
1.404292 	 0.001920  
1.405863 	 0.001917  
1.407434 	 0.001914  
1.409004 	 0.001911  
1.410575 	 0.001908  
1.412146 	 0.001905  
1.413717 	 0.001901  
1.415287 	 0.001898  
1.416858 	 0.001895  
1.418429 	 0.001892  
1.420000 	 0.001889  
1.421571 	 0.001886  
1.423141 	 0.001883  
1.424712 	 0.001880  
1.426283 	 0.001877  
1.427854 	 0.001873  
1.429425 	 0.001870  
1.430995 	 0.001867  
1.432566 	 0.001864  
1.434137 	 0.001861  
1.435708 	 0.001858  
1.437279 	 0.001855  
1.438849 	 0.001852  
1.440420 	 0.001849  
1.441991 	 0.001846  
1.443562 	 0.001843  
1.445133 	 0.001840  
1.446703 	 0.001837  
1.448274 	 0.001834  
1.449845 	 0.001831  
1.451416 	 0.001828  
1.452987 	 0.001825  
1.454557 	 0.001822  
1.456128 	 0.001819  
1.457699 	 0.001816  
1.459270 	 0.001813  
1.460841 	 0.001810  
1.462411 	 0.001807  
1.463982 	 0.001804  
1.465553 	 0.001801  
1.467124 	 0.001798  
1.468695 	 0.001795  
1.470265 	 0.001792  
1.471836 	 0.001789  
1.473407 	 0.001786  
1.474978 	 0.001784  
1.476549 	 0.001781  
1.478119 	 0.001778  
1.479690 	 0.001775  
1.481261 	 0.001772  
1.482832 	 0.001769  
1.484403 	 0.001766  
1.485973 	 0.001763  
1.487544 	 0.001760  
1.489115 	 0.001758  
1.490686 	 0.001755  
1.492257 	 0.001752  
1.493827 	 0.001749  
1.495398 	 0.001746  
1.496969 	 0.001743  
1.498540 	 0.001740  
1.500110 	 0.001738  
1.501681 	 0.001735  
1.503252 	 0.001732  
1.504823 	 0.001729  
1.506394 	 0.001726  
1.507964 	 0.001724  
1.509535 	 0.001721  
1.511106 	 0.001718  
1.512677 	 0.001715  
1.514248 	 0.001712  
1.515818 	 0.001710  
1.517389 	 0.001707  
1.518960 	 0.001704  
1.520531 	 0.001701  
1.522102 	 0.001699  
1.523672 	 0.001696  
1.525243 	 0.001693  
1.526814 	 0.001690  
1.528385 	 0.001688  
1.529956 	 0.001685  
1.531526 	 0.001682  
1.533097 	 0.001679  
1.534668 	 0.001677  
1.536239 	 0.001674  
1.537810 	 0.001671  
1.539380 	 0.001669  
1.540951 	 0.001666  
1.542522 	 0.001663  
1.544093 	 0.001660  
1.545664 	 0.001658  
1.547234 	 0.001655  
1.548805 	 0.001652  
1.550376 	 0.001650  
1.551947 	 0.001647  
1.553518 	 0.001644  
1.555088 	 0.001642  
1.556659 	 0.001639  
1.558230 	 0.001636  
1.559801 	 0.001634  
1.561372 	 0.001631  
1.562942 	 0.001629  
1.564513 	 0.001626  
1.566084 	 0.001623  
1.567655 	 0.001621  
1.569226 	 0.001618  
1.570796 	 0.001615  
1.572367 	 0.001613  
1.573938 	 0.001610  
1.575509 	 0.001608  
1.577080 	 0.001605  
1.578650 	 0.001602  
1.580221 	 0.001600  
1.581792 	 0.001597  
1.583363 	 0.001595  
1.584933 	 0.001592  
1.586504 	 0.001590  
1.588075 	 0.001587  
1.589646 	 0.001584  
1.591217 	 0.001582  
1.592787 	 0.001579  
1.594358 	 0.001577  
1.595929 	 0.001574  
1.597500 	 0.001572  
1.599071 	 0.001569  
1.600641 	 0.001567  
1.602212 	 0.001564  
1.603783 	 0.001562  
1.605354 	 0.001559  
1.606925 	 0.001557  
1.608495 	 0.001554  
1.610066 	 0.001552  
1.611637 	 0.001549  
1.613208 	 0.001547  
1.614779 	 0.001544  
1.616349 	 0.001542  
1.617920 	 0.001539  
1.619491 	 0.001537  
1.621062 	 0.001534  
1.622633 	 0.001532  
1.624203 	 0.001529  
1.625774 	 0.001527  
1.627345 	 0.001524  
1.628916 	 0.001522  
1.630487 	 0.001519  
1.632057 	 0.001517  
1.633628 	 0.001514  
1.635199 	 0.001512  
1.636770 	 0.001510  
1.638341 	 0.001507  
1.639911 	 0.001505  
1.641482 	 0.001502  
1.643053 	 0.001500  
1.644624 	 0.001497  
1.646195 	 0.001495  
1.647765 	 0.001493  
1.649336 	 0.001490  
1.650907 	 0.001488  
1.652478 	 0.001485  
1.654049 	 0.001483  
1.655619 	 0.001481  
1.657190 	 0.001478  
1.658761 	 0.001476  
1.660332 	 0.001473  
1.661903 	 0.001471  
1.663473 	 0.001469  
1.665044 	 0.001466  
1.666615 	 0.001464  
1.668186 	 0.001462  
1.669756 	 0.001459  
1.671327 	 0.001457  
1.672898 	 0.001455  
1.674469 	 0.001452  
1.676040 	 0.001450  
1.677610 	 0.001448  
1.679181 	 0.001445  
1.680752 	 0.001443  
1.682323 	 0.001441  
1.683894 	 0.001438  
1.685464 	 0.001436  
1.687035 	 0.001434  
1.688606 	 0.001431  
1.690177 	 0.001429  
1.691748 	 0.001427  
1.693318 	 0.001424  
1.694889 	 0.001422  
1.696460 	 0.001420  
1.698031 	 0.001417  
1.699602 	 0.001415  
1.701172 	 0.001413  
1.702743 	 0.001411  
1.704314 	 0.001408  
1.705885 	 0.001406  
1.707456 	 0.001404  
1.709026 	 0.001401  
1.710597 	 0.001399  
1.712168 	 0.001397  
1.713739 	 0.001395  
1.715310 	 0.001392  
1.716880 	 0.001390  
1.718451 	 0.001388  
1.720022 	 0.001386  
1.721593 	 0.001383  
1.723164 	 0.001381  
1.724734 	 0.001379  
1.726305 	 0.001377  
1.727876 	 0.001374  
1.729447 	 0.001372  
1.731018 	 0.001370  
1.732588 	 0.001368  
1.734159 	 0.001366  
1.735730 	 0.001363  
1.737301 	 0.001361  
1.738872 	 0.001359  
1.740442 	 0.001357  
1.742013 	 0.001354  
1.743584 	 0.001352  
1.745155 	 0.001350  
1.746726 	 0.001348  
1.748296 	 0.001346  
1.749867 	 0.001343  
1.751438 	 0.001341  
1.753009 	 0.001339  
1.754579 	 0.001337  
1.756150 	 0.001335  
1.757721 	 0.001333  
1.759292 	 0.001330  
1.760863 	 0.001328  
1.762433 	 0.001326  
1.764004 	 0.001324  
1.765575 	 0.001322  
1.767146 	 0.001320  
1.768717 	 0.001318  
1.770287 	 0.001315  
1.771858 	 0.001313  
1.773429 	 0.001311  
1.775000 	 0.001309  
1.776571 	 0.001307  
1.778141 	 0.001305  
1.779712 	 0.001302  
1.781283 	 0.001300  
1.782854 	 0.001298  
1.784425 	 0.001296  
1.785995 	 0.001294  
1.787566 	 0.001292  
1.789137 	 0.001290  
1.790708 	 0.001288  
1.792279 	 0.001286  
1.793849 	 0.001283  
1.795420 	 0.001281  
1.796991 	 0.001279  
1.798562 	 0.001277  
1.800133 	 0.001275  
1.801703 	 0.001273  
1.803274 	 0.001271  
1.804845 	 0.001269  
1.806416 	 0.001267  
1.807987 	 0.001265  
1.809557 	 0.001263  
1.811128 	 0.001260  
1.812699 	 0.001258  
1.814270 	 0.001256  
1.815841 	 0.001254  
1.817411 	 0.001252  
1.818982 	 0.001250  
1.820553 	 0.001248  
1.822124 	 0.001246  
1.823695 	 0.001244  
1.825265 	 0.001242  
1.826836 	 0.001240  
1.828407 	 0.001238  
1.829978 	 0.001236  
1.831549 	 0.001234  
1.833119 	 0.001232  
1.834690 	 0.001230  
1.836261 	 0.001228  
1.837832 	 0.001226  
1.839402 	 0.001224  
1.840973 	 0.001222  
1.842544 	 0.001220  
1.844115 	 0.001218  
1.845686 	 0.001215  
1.847256 	 0.001213  
1.848827 	 0.001211  
1.850398 	 0.001209  
1.851969 	 0.001207  
1.853540 	 0.001205  
1.855110 	 0.001203  
1.856681 	 0.001201  
1.858252 	 0.001199  
1.859823 	 0.001197  
1.861394 	 0.001195  
1.862964 	 0.001193  
1.864535 	 0.001191  
1.866106 	 0.001189  
1.867677 	 0.001187  
1.869248 	 0.001185  
1.870818 	 0.001184  
1.872389 	 0.001182  
1.873960 	 0.001180  
1.875531 	 0.001178  
1.877102 	 0.001176  
1.878672 	 0.001174  
1.880243 	 0.001172  
1.881814 	 0.001170  
1.883385 	 0.001168  
1.884956 	 0.001166  
1.886526 	 0.001164  
1.888097 	 0.001162  
1.889668 	 0.001160  
1.891239 	 0.001158  
1.892810 	 0.001156  
1.894380 	 0.001154  
1.895951 	 0.001152  
1.897522 	 0.001150  
1.899093 	 0.001148  
1.900664 	 0.001146  
1.902234 	 0.001144  
1.903805 	 0.001143  
1.905376 	 0.001141  
1.906947 	 0.001139  
1.908518 	 0.001137  
1.910088 	 0.001135  
1.911659 	 0.001133  
1.913230 	 0.001131  
1.914801 	 0.001129  
1.916372 	 0.001127  
1.917942 	 0.001125  
1.919513 	 0.001123  
1.921084 	 0.001122  
1.922655 	 0.001120  
1.924226 	 0.001118  
1.925796 	 0.001116  
1.927367 	 0.001114  
1.928938 	 0.001112  
1.930509 	 0.001110  
1.932079 	 0.001108  
1.933650 	 0.001106  
1.935221 	 0.001105  
1.936792 	 0.001103  
1.938363 	 0.001101  
1.939933 	 0.001099  
1.941504 	 0.001097  
1.943075 	 0.001095  
1.944646 	 0.001093  
1.946217 	 0.001091  
1.947787 	 0.001090  
1.949358 	 0.001088  
1.950929 	 0.001086  
1.952500 	 0.001084  
1.954071 	 0.001082  
1.955641 	 0.001080  
1.957212 	 0.001078  
1.958783 	 0.001077  
1.960354 	 0.001075  
1.961925 	 0.001073  
1.963495 	 0.001071  
1.965066 	 0.001069  
1.966637 	 0.001067  
1.968208 	 0.001065  
1.969779 	 0.001064  
1.971349 	 0.001062  
1.972920 	 0.001060  
1.974491 	 0.001058  
1.976062 	 0.001056  
1.977633 	 0.001055  
1.979203 	 0.001053  
1.980774 	 0.001051  
1.982345 	 0.001049  
1.983916 	 0.001047  
1.985487 	 0.001045  
1.987057 	 0.001044  
1.988628 	 0.001042  
1.990199 	 0.001040  
1.991770 	 0.001038  
1.993341 	 0.001036  
1.994911 	 0.001034  
1.996482 	 0.001033  
1.998053 	 0.001031  
1.999624 	 0.001029  
2.001195 	 0.001027  
2.002765 	 0.001026  
2.004336 	 0.001024  
2.005907 	 0.001022  
2.007478 	 0.001020  
2.009049 	 0.001018  
2.010619 	 0.001017  
2.012190 	 0.001015  
2.013761 	 0.001013  
2.015332 	 0.001011  
2.016902 	 0.001009  
2.018473 	 0.001008  
2.020044 	 0.001006  
2.021615 	 0.001004  
2.023186 	 0.001002  
2.024756 	 0.001001  
2.026327 	 0.000999  
2.027898 	 0.000997  
2.029469 	 0.000995  
2.031040 	 0.000994  
2.032610 	 0.000992  
2.034181 	 0.000990  
2.035752 	 0.000988  
2.037323 	 0.000987  
2.038894 	 0.000985  
2.040464 	 0.000983  
2.042035 	 0.000981  
2.043606 	 0.000979  
2.045177 	 0.000978  
2.046748 	 0.000976  
2.048318 	 0.000974  
2.049889 	 0.000973  
2.051460 	 0.000971  
2.053031 	 0.000969  
2.054602 	 0.000967  
2.056172 	 0.000966  
2.057743 	 0.000964  
2.059314 	 0.000962  
2.060885 	 0.000960  
2.062456 	 0.000959  
2.064026 	 0.000957  
2.065597 	 0.000955  
2.067168 	 0.000954  
2.068739 	 0.000952  
2.070310 	 0.000950  
2.071880 	 0.000948  
2.073451 	 0.000947  
2.075022 	 0.000945  
2.076593 	 0.000943  
2.078164 	 0.000941  
2.079734 	 0.000940  
2.081305 	 0.000938  
2.082876 	 0.000936  
2.084447 	 0.000935  
2.086018 	 0.000933  
2.087588 	 0.000931  
2.089159 	 0.000930  
2.090730 	 0.000928  
2.092301 	 0.000926  
2.093872 	 0.000925  
2.095442 	 0.000923  
2.097013 	 0.000921  
2.098584 	 0.000919  
2.100155 	 0.000918  
2.101725 	 0.000916  
2.103296 	 0.000914  
2.104867 	 0.000913  
2.106438 	 0.000911  
2.108009 	 0.000909  
2.109579 	 0.000908  
2.111150 	 0.000906  
2.112721 	 0.000904  
2.114292 	 0.000903  
2.115863 	 0.000901  
2.117433 	 0.000899  
2.119004 	 0.000898  
2.120575 	 0.000896  
2.122146 	 0.000894  
2.123717 	 0.000893  
2.125287 	 0.000891  
2.126858 	 0.000889  
2.128429 	 0.000888  
2.130000 	 0.000886  
2.131571 	 0.000884  
2.133141 	 0.000883  
2.134712 	 0.000881  
2.136283 	 0.000879  
2.137854 	 0.000878  
2.139425 	 0.000876  
2.140995 	 0.000874  
2.142566 	 0.000873  
2.144137 	 0.000871  
2.145708 	 0.000869  
2.147279 	 0.000868  
2.148849 	 0.000866  
2.150420 	 0.000865  
2.151991 	 0.000863  
2.153562 	 0.000861  
2.155133 	 0.000860  
2.156703 	 0.000858  
2.158274 	 0.000856  
2.159845 	 0.000855  
2.161416 	 0.000853  
2.162987 	 0.000852  
2.164557 	 0.000850  
2.166128 	 0.000848  
2.167699 	 0.000847  
2.169270 	 0.000845  
2.170841 	 0.000843  
2.172411 	 0.000842  
2.173982 	 0.000840  
2.175553 	 0.000839  
2.177124 	 0.000837  
2.178695 	 0.000835  
2.180265 	 0.000834  
2.181836 	 0.000832  
2.183407 	 0.000831  
2.184978 	 0.000829  
2.186548 	 0.000827  
2.188119 	 0.000826  
2.189690 	 0.000824  
2.191261 	 0.000822  
2.192832 	 0.000821  
2.194402 	 0.000819  
2.195973 	 0.000818  
2.197544 	 0.000816  
2.199115 	 0.000815  
2.200686 	 0.000813  
2.202256 	 0.000811  
2.203827 	 0.000810  
2.205398 	 0.000808  
2.206969 	 0.000807  
2.208540 	 0.000805  
2.210110 	 0.000803  
2.211681 	 0.000802  
2.213252 	 0.000800  
2.214823 	 0.000799  
2.216394 	 0.000797  
2.217964 	 0.000796  
2.219535 	 0.000794  
2.221106 	 0.000792  
2.222677 	 0.000791  
2.224248 	 0.000789  
2.225818 	 0.000788  
2.227389 	 0.000786  
2.228960 	 0.000785  
2.230531 	 0.000783  
2.232102 	 0.000781  
2.233672 	 0.000780  
2.235243 	 0.000778  
2.236814 	 0.000777  
2.238385 	 0.000775  
2.239956 	 0.000774  
2.241526 	 0.000772  
2.243097 	 0.000770  
2.244668 	 0.000769  
2.246239 	 0.000767  
2.247810 	 0.000766  
2.249380 	 0.000764  
2.250951 	 0.000763  
2.252522 	 0.000761  
2.254093 	 0.000760  
2.255664 	 0.000758  
2.257234 	 0.000756  
2.258805 	 0.000755  
2.260376 	 0.000753  
2.261947 	 0.000752  
2.263518 	 0.000750  
2.265088 	 0.000749  
2.266659 	 0.000747  
2.268230 	 0.000746  
2.269801 	 0.000744  
2.271371 	 0.000743  
2.272942 	 0.000741  
2.274513 	 0.000740  
2.276084 	 0.000738  
2.277655 	 0.000737  
2.279225 	 0.000735  
2.280796 	 0.000733  
2.282367 	 0.000732  
2.283938 	 0.000730  
2.285509 	 0.000729  
2.287079 	 0.000727  
2.288650 	 0.000726  
2.290221 	 0.000724  
2.291792 	 0.000723  
2.293363 	 0.000721  
2.294933 	 0.000720  
2.296504 	 0.000718  
2.298075 	 0.000717  
2.299646 	 0.000715  
2.301217 	 0.000714  
2.302787 	 0.000712  
2.304358 	 0.000711  
2.305929 	 0.000709  
2.307500 	 0.000708  
2.309071 	 0.000706  
2.310641 	 0.000705  
2.312212 	 0.000703  
2.313783 	 0.000702  
2.315354 	 0.000700  
2.316925 	 0.000699  
2.318495 	 0.000697  
2.320066 	 0.000696  
2.321637 	 0.000694  
2.323208 	 0.000693  
2.324779 	 0.000691  
2.326349 	 0.000690  
2.327920 	 0.000688  
2.329491 	 0.000687  
2.331062 	 0.000685  
2.332633 	 0.000684  
2.334203 	 0.000682  
2.335774 	 0.000681  
2.337345 	 0.000679  
2.338916 	 0.000678  
2.340487 	 0.000676  
2.342057 	 0.000675  
2.343628 	 0.000673  
2.345199 	 0.000672  
2.346770 	 0.000670  
2.348341 	 0.000669  
2.349911 	 0.000667  
2.351482 	 0.000666  
2.353053 	 0.000664  
2.354624 	 0.000663  
2.356194 	 0.000661  
2.357765 	 0.000660  
2.359336 	 0.000658  
2.360907 	 0.000657  
2.362478 	 0.000655  
2.364048 	 0.000654  
2.365619 	 0.000652  
2.367190 	 0.000651  
2.368761 	 0.000650  
2.370332 	 0.000648  
2.371902 	 0.000647  
2.373473 	 0.000645  
2.375044 	 0.000644  
2.376615 	 0.000642  
2.378186 	 0.000641  
2.379756 	 0.000639  
2.381327 	 0.000638  
2.382898 	 0.000636  
2.384469 	 0.000635  
2.386040 	 0.000634  
2.387610 	 0.000632  
2.389181 	 0.000631  
2.390752 	 0.000629  
2.392323 	 0.000628  
2.393894 	 0.000626  
2.395464 	 0.000625  
2.397035 	 0.000623  
2.398606 	 0.000622  
2.400177 	 0.000620  
2.401748 	 0.000619  
2.403318 	 0.000618  
2.404889 	 0.000616  
2.406460 	 0.000615  
2.408031 	 0.000613  
2.409602 	 0.000612  
2.411172 	 0.000610  
2.412743 	 0.000609  
2.414314 	 0.000607  
2.415885 	 0.000606  
2.417456 	 0.000605  
2.419026 	 0.000603  
2.420597 	 0.000602  
2.422168 	 0.000600  
2.423739 	 0.000599  
2.425310 	 0.000597  
2.426880 	 0.000596  
2.428451 	 0.000594  
2.430022 	 0.000593  
2.431593 	 0.000592  
2.433164 	 0.000590  
2.434734 	 0.000589  
2.436305 	 0.000587  
2.437876 	 0.000586  
2.439447 	 0.000585  
2.441017 	 0.000583  
2.442588 	 0.000582  
2.444159 	 0.000580  
2.445730 	 0.000579  
2.447301 	 0.000577  
2.448871 	 0.000576  
2.450442 	 0.000574  
2.452013 	 0.000573  
2.453584 	 0.000572  
2.455155 	 0.000570  
2.456725 	 0.000569  
2.458296 	 0.000567  
2.459867 	 0.000566  
2.461438 	 0.000565  
2.463009 	 0.000563  
2.464579 	 0.000562  
2.466150 	 0.000560  
2.467721 	 0.000559  
2.469292 	 0.000557  
2.470863 	 0.000556  
2.472433 	 0.000555  
2.474004 	 0.000553  
2.475575 	 0.000552  
2.477146 	 0.000550  
2.478717 	 0.000549  
2.480287 	 0.000548  
2.481858 	 0.000546  
2.483429 	 0.000545  
2.485000 	 0.000543  
2.486571 	 0.000542  
2.488141 	 0.000541  
2.489712 	 0.000539  
2.491283 	 0.000538  
2.492854 	 0.000536  
2.494425 	 0.000535  
2.495995 	 0.000534  
2.497566 	 0.000532  
2.499137 	 0.000531  
2.500708 	 0.000529  
2.502279 	 0.000528  
2.503849 	 0.000527  
2.505420 	 0.000525  
2.506991 	 0.000524  
2.508562 	 0.000522  
2.510133 	 0.000521  
2.511703 	 0.000520  
2.513274 	 0.000518  
2.514845 	 0.000517  
2.516416 	 0.000516  
2.517987 	 0.000514  
2.519557 	 0.000513  
2.521128 	 0.000511  
2.522699 	 0.000510  
2.524270 	 0.000509  
2.525840 	 0.000507  
2.527411 	 0.000506  
2.528982 	 0.000504  
2.530553 	 0.000503  
2.532124 	 0.000502  
2.533694 	 0.000500  
2.535265 	 0.000499  
2.536836 	 0.000498  
2.538407 	 0.000496  
2.539978 	 0.000495  
2.541548 	 0.000493  
2.543119 	 0.000492  
2.544690 	 0.000491  
2.546261 	 0.000489  
2.547832 	 0.000488  
2.549402 	 0.000487  
2.550973 	 0.000485  
2.552544 	 0.000484  
2.554115 	 0.000482  
2.555686 	 0.000481  
2.557256 	 0.000480  
2.558827 	 0.000478  
2.560398 	 0.000477  
2.561969 	 0.000476  
2.563540 	 0.000474  
2.565110 	 0.000473  
2.566681 	 0.000471  
2.568252 	 0.000470  
2.569823 	 0.000469  
2.571394 	 0.000467  
2.572964 	 0.000466  
2.574535 	 0.000465  
2.576106 	 0.000463  
2.577677 	 0.000462  
2.579248 	 0.000461  
2.580818 	 0.000459  
2.582389 	 0.000458  
2.583960 	 0.000457  
2.585531 	 0.000455  
2.587102 	 0.000454  
2.588672 	 0.000452  
2.590243 	 0.000451  
2.591814 	 0.000450  
2.593385 	 0.000448  
2.594956 	 0.000447  
2.596526 	 0.000446  
2.598097 	 0.000444  
2.599668 	 0.000443  
2.601239 	 0.000442  
2.602810 	 0.000440  
2.604380 	 0.000439  
2.605951 	 0.000438  
2.607522 	 0.000436  
2.609093 	 0.000435  
2.610663 	 0.000434  
2.612234 	 0.000432  
2.613805 	 0.000431  
2.615376 	 0.000429  
2.616947 	 0.000428  
2.618517 	 0.000427  
2.620088 	 0.000425  
2.621659 	 0.000424  
2.623230 	 0.000423  
2.624801 	 0.000421  
2.626371 	 0.000420  
2.627942 	 0.000419  
2.629513 	 0.000417  
2.631084 	 0.000416  
2.632655 	 0.000415  
2.634225 	 0.000413  
2.635796 	 0.000412  
2.637367 	 0.000411  
2.638938 	 0.000409  
2.640509 	 0.000408  
2.642079 	 0.000407  
2.643650 	 0.000405  
2.645221 	 0.000404  
2.646792 	 0.000403  
2.648363 	 0.000401  
2.649933 	 0.000400  
2.651504 	 0.000399  
2.653075 	 0.000397  
2.654646 	 0.000396  
2.656217 	 0.000395  
2.657787 	 0.000393  
2.659358 	 0.000392  
2.660929 	 0.000391  
2.662500 	 0.000389  
2.664071 	 0.000388  
2.665641 	 0.000387  
2.667212 	 0.000385  
2.668783 	 0.000384  
2.670354 	 0.000383  
2.671925 	 0.000381  
2.673495 	 0.000380  
2.675066 	 0.000379  
2.676637 	 0.000377  
2.678208 	 0.000376  
2.679779 	 0.000375  
2.681349 	 0.000373  
2.682920 	 0.000372  
2.684491 	 0.000371  
2.686062 	 0.000370  
2.687633 	 0.000368  
2.689203 	 0.000367  
2.690774 	 0.000365  
2.692345 	 0.000364  
2.693916 	 0.000363  
2.695486 	 0.000362  
2.697057 	 0.000360  
2.698628 	 0.000359  
2.700199 	 0.000358  
2.701770 	 0.000356  
2.703340 	 0.000355  
2.704911 	 0.000354  
2.706482 	 0.000352  
2.708053 	 0.000351  
2.709624 	 0.000350  
2.711194 	 0.000348  
2.712765 	 0.000347  
2.714336 	 0.000346  
2.715907 	 0.000344  
2.717478 	 0.000343  
2.719048 	 0.000342  
2.720619 	 0.000340  
2.722190 	 0.000339  
2.723761 	 0.000338  
2.725332 	 0.000337  
2.726902 	 0.000335  
2.728473 	 0.000334  
2.730044 	 0.000333  
2.731615 	 0.000331  
2.733186 	 0.000330  
2.734756 	 0.000329  
2.736327 	 0.000327  
2.737898 	 0.000326  
2.739469 	 0.000325  
2.741040 	 0.000324  
2.742610 	 0.000322  
2.744181 	 0.000321  
2.745752 	 0.000320  
2.747323 	 0.000318  
2.748894 	 0.000317  
2.750464 	 0.000316  
2.752035 	 0.000314  
2.753606 	 0.000313  
2.755177 	 0.000312  
2.756748 	 0.000311  
2.758318 	 0.000309  
2.759889 	 0.000308  
2.761460 	 0.000307  
2.763031 	 0.000305  
2.764602 	 0.000304  
2.766172 	 0.000303  
2.767743 	 0.000301  
2.769314 	 0.000300  
2.770885 	 0.000299  
2.772456 	 0.000298  
2.774026 	 0.000296  
2.775597 	 0.000295  
2.777168 	 0.000294  
2.778739 	 0.000292  
2.780309 	 0.000291  
2.781880 	 0.000290  
2.783451 	 0.000288  
2.785022 	 0.000287  
2.786593 	 0.000286  
2.788163 	 0.000285  
2.789734 	 0.000283  
2.791305 	 0.000282  
2.792876 	 0.000281  
2.794447 	 0.000279  
2.796017 	 0.000278  
2.797588 	 0.000277  
2.799159 	 0.000276  
2.800730 	 0.000274  
2.802301 	 0.000273  
2.803871 	 0.000272  
2.805442 	 0.000270  
2.807013 	 0.000269  
2.808584 	 0.000268  
2.810155 	 0.000267  
2.811725 	 0.000265  
2.813296 	 0.000264  
2.814867 	 0.000263  
2.816438 	 0.000261  
2.818009 	 0.000260  
2.819579 	 0.000259  
2.821150 	 0.000257  
2.822721 	 0.000256  
2.824292 	 0.000255  
2.825863 	 0.000254  
2.827433 	 0.000252  
2.829004 	 0.000251  
2.830575 	 0.000250  
2.832146 	 0.000248  
2.833717 	 0.000247  
2.835287 	 0.000246  
2.836858 	 0.000245  
2.838429 	 0.000243  
2.840000 	 0.000242  
2.841571 	 0.000241  
2.843141 	 0.000240  
2.844712 	 0.000238  
2.846283 	 0.000237  
2.847854 	 0.000236  
2.849425 	 0.000234  
2.850995 	 0.000233  
2.852566 	 0.000232  
2.854137 	 0.000231  
2.855708 	 0.000229  
2.857279 	 0.000228  
2.858849 	 0.000227  
2.860420 	 0.000225  
2.861991 	 0.000224  
2.863562 	 0.000223  
2.865133 	 0.000222  
2.866703 	 0.000220  
2.868274 	 0.000219  
2.869845 	 0.000218  
2.871416 	 0.000217  
2.872986 	 0.000215  
2.874557 	 0.000214  
2.876128 	 0.000213  
2.877699 	 0.000211  
2.879270 	 0.000210  
2.880840 	 0.000209  
2.882411 	 0.000208  
2.883982 	 0.000206  
2.885553 	 0.000205  
2.887124 	 0.000204  
2.888694 	 0.000203  
2.890265 	 0.000201  
2.891836 	 0.000200  
2.893407 	 0.000199  
2.894978 	 0.000197  
2.896548 	 0.000196  
2.898119 	 0.000195  
2.899690 	 0.000194  
2.901261 	 0.000192  
2.902832 	 0.000191  
2.904402 	 0.000190  
2.905973 	 0.000189  
2.907544 	 0.000187  
2.909115 	 0.000186  
2.910686 	 0.000185  
2.912256 	 0.000183  
2.913827 	 0.000182  
2.915398 	 0.000181  
2.916969 	 0.000180  
2.918540 	 0.000178  
2.920110 	 0.000177  
2.921681 	 0.000176  
2.923252 	 0.000175  
2.924823 	 0.000173  
2.926394 	 0.000172  
2.927964 	 0.000171  
2.929535 	 0.000170  
2.931106 	 0.000168  
2.932677 	 0.000167  
2.934248 	 0.000166  
2.935818 	 0.000164  
2.937389 	 0.000163  
2.938960 	 0.000162  
2.940531 	 0.000161  
2.942102 	 0.000159  
2.943672 	 0.000158  
2.945243 	 0.000157  
2.946814 	 0.000156  
2.948385 	 0.000154  
2.949956 	 0.000153  
2.951526 	 0.000152  
2.953097 	 0.000151  
2.954668 	 0.000149  
2.956239 	 0.000148  
2.957809 	 0.000147  
2.959380 	 0.000146  
2.960951 	 0.000144  
2.962522 	 0.000143  
2.964093 	 0.000142  
2.965663 	 0.000141  
2.967234 	 0.000139  
2.968805 	 0.000138  
2.970376 	 0.000137  
2.971947 	 0.000135  
2.973517 	 0.000134  
2.975088 	 0.000133  
2.976659 	 0.000132  
2.978230 	 0.000130  
2.979801 	 0.000129  
2.981371 	 0.000128  
2.982942 	 0.000127  
2.984513 	 0.000125  
2.986084 	 0.000124  
2.987655 	 0.000123  
2.989225 	 0.000122  
2.990796 	 0.000120  
2.992367 	 0.000119  
2.993938 	 0.000118  
2.995509 	 0.000117  
2.997079 	 0.000115  
2.998650 	 0.000114  
3.000221 	 0.000113  
3.001792 	 0.000112  
3.003363 	 0.000110  
3.004933 	 0.000109  
3.006504 	 0.000108  
3.008075 	 0.000107  
3.009646 	 0.000105  
3.011217 	 0.000104  
3.012787 	 0.000103  
3.014358 	 0.000101  
3.015929 	 0.000100  
3.017500 	 0.000099  
3.019071 	 0.000098  
3.020641 	 0.000096  
3.022212 	 0.000095  
3.023783 	 0.000094  
3.025354 	 0.000093  
3.026925 	 0.000091  
3.028495 	 0.000090  
3.030066 	 0.000089  
3.031637 	 0.000088  
3.033208 	 0.000086  
3.034779 	 0.000085  
3.036349 	 0.000084  
3.037920 	 0.000083  
3.039491 	 0.000081  
3.041062 	 0.000080  
3.042632 	 0.000079  
3.044203 	 0.000078  
3.045774 	 0.000076  
3.047345 	 0.000075  
3.048916 	 0.000074  
3.050486 	 0.000073  
3.052057 	 0.000071  
3.053628 	 0.000070  
3.055199 	 0.000069  
3.056770 	 0.000068  
3.058340 	 0.000066  
3.059911 	 0.000065  
3.061482 	 0.000064  
3.063053 	 0.000063  
3.064624 	 0.000061  
3.066194 	 0.000060  
3.067765 	 0.000059  
3.069336 	 0.000058  
3.070907 	 0.000056  
3.072478 	 0.000055  
3.074048 	 0.000054  
3.075619 	 0.000053  
3.077190 	 0.000051  
3.078761 	 0.000050  
3.080332 	 0.000049  
3.081902 	 0.000048  
3.083473 	 0.000046  
3.085044 	 0.000045  
3.086615 	 0.000044  
3.088186 	 0.000043  
3.089756 	 0.000041  
3.091327 	 0.000040  
3.092898 	 0.000039  
3.094469 	 0.000038  
3.096040 	 0.000036  
3.097610 	 0.000035  
3.099181 	 0.000034  
3.100752 	 0.000033  
3.102323 	 0.000031  
3.103894 	 0.000030  
3.105464 	 0.000029  
3.107035 	 0.000028  
3.108606 	 0.000026  
3.110177 	 0.000025  
3.111748 	 0.000024  
3.113318 	 0.000023  
3.114889 	 0.000021  
3.116460 	 0.000020  
3.118031 	 0.000019  
3.119602 	 0.000018  
3.121172 	 0.000016  
3.122743 	 0.000015  
3.124314 	 0.000014  
3.125885 	 0.000013  
3.127455 	 0.000011  
3.129026 	 0.000010  
3.130597 	 0.000009  
3.132168 	 0.000008  
3.133739 	 0.000006  
3.135309 	 0.000005  
3.136880 	 0.000004  
3.138451 	 0.000003  
3.140022 	 0.000001  
3.141593 	 -0.000000  
3.143163 	 -0.000001  
3.144734 	 -0.000003  
3.146305 	 -0.000004  
3.147876 	 -0.000005  
3.149447 	 -0.000006  
3.151017 	 -0.000008  
3.152588 	 -0.000009  
3.154159 	 -0.000010  
3.155730 	 -0.000011  
3.157301 	 -0.000013  
3.158871 	 -0.000014  
3.160442 	 -0.000015  
3.162013 	 -0.000016  
3.163584 	 -0.000018  
3.165155 	 -0.000019  
3.166725 	 -0.000020  
3.168296 	 -0.000021  
3.169867 	 -0.000023  
3.171438 	 -0.000024  
3.173009 	 -0.000025  
3.174579 	 -0.000026  
3.176150 	 -0.000028  
3.177721 	 -0.000029  
3.179292 	 -0.000030  
3.180863 	 -0.000031  
3.182433 	 -0.000033  
3.184004 	 -0.000034  
3.185575 	 -0.000035  
3.187146 	 -0.000036  
3.188717 	 -0.000038  
3.190287 	 -0.000039  
3.191858 	 -0.000040  
3.193429 	 -0.000041  
3.195000 	 -0.000043  
3.196571 	 -0.000044  
3.198141 	 -0.000045  
3.199712 	 -0.000046  
3.201283 	 -0.000048  
3.202854 	 -0.000049  
3.204425 	 -0.000050  
3.205995 	 -0.000051  
3.207566 	 -0.000053  
3.209137 	 -0.000054  
3.210708 	 -0.000055  
3.212278 	 -0.000056  
3.213849 	 -0.000058  
3.215420 	 -0.000059  
3.216991 	 -0.000060  
3.218562 	 -0.000061  
3.220132 	 -0.000063  
3.221703 	 -0.000064  
3.223274 	 -0.000065  
3.224845 	 -0.000066  
3.226416 	 -0.000068  
3.227986 	 -0.000069  
3.229557 	 -0.000070  
3.231128 	 -0.000071  
3.232699 	 -0.000073  
3.234270 	 -0.000074  
3.235840 	 -0.000075  
3.237411 	 -0.000076  
3.238982 	 -0.000078  
3.240553 	 -0.000079  
3.242124 	 -0.000080  
3.243694 	 -0.000081  
3.245265 	 -0.000083  
3.246836 	 -0.000084  
3.248407 	 -0.000085  
3.249978 	 -0.000086  
3.251548 	 -0.000088  
3.253119 	 -0.000089  
3.254690 	 -0.000090  
3.256261 	 -0.000091  
3.257832 	 -0.000093  
3.259402 	 -0.000094  
3.260973 	 -0.000095  
3.262544 	 -0.000096  
3.264115 	 -0.000098  
3.265686 	 -0.000099  
3.267256 	 -0.000100  
3.268827 	 -0.000101  
3.270398 	 -0.000103  
3.271969 	 -0.000104  
3.273540 	 -0.000105  
3.275110 	 -0.000107  
3.276681 	 -0.000108  
3.278252 	 -0.000109  
3.279823 	 -0.000110  
3.281394 	 -0.000112  
3.282964 	 -0.000113  
3.284535 	 -0.000114  
3.286106 	 -0.000115  
3.287677 	 -0.000117  
3.289248 	 -0.000118  
3.290818 	 -0.000119  
3.292389 	 -0.000120  
3.293960 	 -0.000122  
3.295531 	 -0.000123  
3.297101 	 -0.000124  
3.298672 	 -0.000125  
3.300243 	 -0.000127  
3.301814 	 -0.000128  
3.303385 	 -0.000129  
3.304955 	 -0.000130  
3.306526 	 -0.000132  
3.308097 	 -0.000133  
3.309668 	 -0.000134  
3.311239 	 -0.000135  
3.312809 	 -0.000137  
3.314380 	 -0.000138  
3.315951 	 -0.000139  
3.317522 	 -0.000141  
3.319093 	 -0.000142  
3.320663 	 -0.000143  
3.322234 	 -0.000144  
3.323805 	 -0.000146  
3.325376 	 -0.000147  
3.326947 	 -0.000148  
3.328517 	 -0.000149  
3.330088 	 -0.000151  
3.331659 	 -0.000152  
3.333230 	 -0.000153  
3.334801 	 -0.000154  
3.336371 	 -0.000156  
3.337942 	 -0.000157  
3.339513 	 -0.000158  
3.341084 	 -0.000159  
3.342655 	 -0.000161  
3.344225 	 -0.000162  
3.345796 	 -0.000163  
3.347367 	 -0.000164  
3.348938 	 -0.000166  
3.350509 	 -0.000167  
3.352079 	 -0.000168  
3.353650 	 -0.000170  
3.355221 	 -0.000171  
3.356792 	 -0.000172  
3.358363 	 -0.000173  
3.359933 	 -0.000175  
3.361504 	 -0.000176  
3.363075 	 -0.000177  
3.364646 	 -0.000178  
3.366217 	 -0.000180  
3.367787 	 -0.000181  
3.369358 	 -0.000182  
3.370929 	 -0.000183  
3.372500 	 -0.000185  
3.374071 	 -0.000186  
3.375641 	 -0.000187  
3.377212 	 -0.000189  
3.378783 	 -0.000190  
3.380354 	 -0.000191  
3.381924 	 -0.000192  
3.383495 	 -0.000194  
3.385066 	 -0.000195  
3.386637 	 -0.000196  
3.388208 	 -0.000197  
3.389778 	 -0.000199  
3.391349 	 -0.000200  
3.392920 	 -0.000201  
3.394491 	 -0.000203  
3.396062 	 -0.000204  
3.397632 	 -0.000205  
3.399203 	 -0.000206  
3.400774 	 -0.000208  
3.402345 	 -0.000209  
3.403916 	 -0.000210  
3.405486 	 -0.000211  
3.407057 	 -0.000213  
3.408628 	 -0.000214  
3.410199 	 -0.000215  
3.411770 	 -0.000217  
3.413340 	 -0.000218  
3.414911 	 -0.000219  
3.416482 	 -0.000220  
3.418053 	 -0.000222  
3.419624 	 -0.000223  
3.421194 	 -0.000224  
3.422765 	 -0.000225  
3.424336 	 -0.000227  
3.425907 	 -0.000228  
3.427478 	 -0.000229  
3.429048 	 -0.000231  
3.430619 	 -0.000232  
3.432190 	 -0.000233  
3.433761 	 -0.000234  
3.435332 	 -0.000236  
3.436902 	 -0.000237  
3.438473 	 -0.000238  
3.440044 	 -0.000240  
3.441615 	 -0.000241  
3.443186 	 -0.000242  
3.444756 	 -0.000243  
3.446327 	 -0.000245  
3.447898 	 -0.000246  
3.449469 	 -0.000247  
3.451040 	 -0.000249  
3.452610 	 -0.000250  
3.454181 	 -0.000251  
3.455752 	 -0.000252  
3.457323 	 -0.000254  
3.458894 	 -0.000255  
3.460464 	 -0.000256  
3.462035 	 -0.000257  
3.463606 	 -0.000259  
3.465177 	 -0.000260  
3.466747 	 -0.000261  
3.468318 	 -0.000263  
3.469889 	 -0.000264  
3.471460 	 -0.000265  
3.473031 	 -0.000267  
3.474601 	 -0.000268  
3.476172 	 -0.000269  
3.477743 	 -0.000270  
3.479314 	 -0.000272  
3.480885 	 -0.000273  
3.482455 	 -0.000274  
3.484026 	 -0.000276  
3.485597 	 -0.000277  
3.487168 	 -0.000278  
3.488739 	 -0.000279  
3.490309 	 -0.000281  
3.491880 	 -0.000282  
3.493451 	 -0.000283  
3.495022 	 -0.000285  
3.496593 	 -0.000286  
3.498163 	 -0.000287  
3.499734 	 -0.000288  
3.501305 	 -0.000290  
3.502876 	 -0.000291  
3.504447 	 -0.000292  
3.506017 	 -0.000294  
3.507588 	 -0.000295  
3.509159 	 -0.000296  
3.510730 	 -0.000297  
3.512301 	 -0.000299  
3.513871 	 -0.000300  
3.515442 	 -0.000301  
3.517013 	 -0.000303  
3.518584 	 -0.000304  
3.520155 	 -0.000305  
3.521725 	 -0.000307  
3.523296 	 -0.000308  
3.524867 	 -0.000309  
3.526438 	 -0.000311  
3.528009 	 -0.000312  
3.529579 	 -0.000313  
3.531150 	 -0.000314  
3.532721 	 -0.000316  
3.534292 	 -0.000317  
3.535863 	 -0.000318  
3.537433 	 -0.000320  
3.539004 	 -0.000321  
3.540575 	 -0.000322  
3.542146 	 -0.000323  
3.543717 	 -0.000325  
3.545287 	 -0.000326  
3.546858 	 -0.000327  
3.548429 	 -0.000329  
3.550000 	 -0.000330  
3.551570 	 -0.000331  
3.553141 	 -0.000333  
3.554712 	 -0.000334  
3.556283 	 -0.000335  
3.557854 	 -0.000337  
3.559424 	 -0.000338  
3.560995 	 -0.000339  
3.562566 	 -0.000341  
3.564137 	 -0.000342  
3.565708 	 -0.000343  
3.567278 	 -0.000344  
3.568849 	 -0.000346  
3.570420 	 -0.000347  
3.571991 	 -0.000348  
3.573562 	 -0.000350  
3.575132 	 -0.000351  
3.576703 	 -0.000352  
3.578274 	 -0.000354  
3.579845 	 -0.000355  
3.581416 	 -0.000356  
3.582986 	 -0.000358  
3.584557 	 -0.000359  
3.586128 	 -0.000360  
3.587699 	 -0.000362  
3.589270 	 -0.000363  
3.590840 	 -0.000364  
3.592411 	 -0.000365  
3.593982 	 -0.000367  
3.595553 	 -0.000368  
3.597124 	 -0.000369  
3.598694 	 -0.000371  
3.600265 	 -0.000372  
3.601836 	 -0.000373  
3.603407 	 -0.000375  
3.604978 	 -0.000376  
3.606548 	 -0.000377  
3.608119 	 -0.000379  
3.609690 	 -0.000380  
3.611261 	 -0.000381  
3.612832 	 -0.000383  
3.614402 	 -0.000384  
3.615973 	 -0.000385  
3.617544 	 -0.000387  
3.619115 	 -0.000388  
3.620686 	 -0.000389  
3.622256 	 -0.000391  
3.623827 	 -0.000392  
3.625398 	 -0.000393  
3.626969 	 -0.000395  
3.628540 	 -0.000396  
3.630110 	 -0.000397  
3.631681 	 -0.000399  
3.633252 	 -0.000400  
3.634823 	 -0.000401  
3.636393 	 -0.000403  
3.637964 	 -0.000404  
3.639535 	 -0.000405  
3.641106 	 -0.000407  
3.642677 	 -0.000408  
3.644247 	 -0.000409  
3.645818 	 -0.000411  
3.647389 	 -0.000412  
3.648960 	 -0.000413  
3.650531 	 -0.000415  
3.652101 	 -0.000416  
3.653672 	 -0.000417  
3.655243 	 -0.000419  
3.656814 	 -0.000420  
3.658385 	 -0.000421  
3.659955 	 -0.000423  
3.661526 	 -0.000424  
3.663097 	 -0.000425  
3.664668 	 -0.000427  
3.666239 	 -0.000428  
3.667809 	 -0.000429  
3.669380 	 -0.000431  
3.670951 	 -0.000432  
3.672522 	 -0.000434  
3.674093 	 -0.000435  
3.675663 	 -0.000436  
3.677234 	 -0.000438  
3.678805 	 -0.000439  
3.680376 	 -0.000440  
3.681947 	 -0.000442  
3.683517 	 -0.000443  
3.685088 	 -0.000444  
3.686659 	 -0.000446  
3.688230 	 -0.000447  
3.689801 	 -0.000448  
3.691371 	 -0.000450  
3.692942 	 -0.000451  
3.694513 	 -0.000452  
3.696084 	 -0.000454  
3.697655 	 -0.000455  
3.699225 	 -0.000457  
3.700796 	 -0.000458  
3.702367 	 -0.000459  
3.703938 	 -0.000461  
3.705509 	 -0.000462  
3.707079 	 -0.000463  
3.708650 	 -0.000465  
3.710221 	 -0.000466  
3.711792 	 -0.000467  
3.713363 	 -0.000469  
3.714933 	 -0.000470  
3.716504 	 -0.000471  
3.718075 	 -0.000473  
3.719646 	 -0.000474  
3.721216 	 -0.000476  
3.722787 	 -0.000477  
3.724358 	 -0.000478  
3.725929 	 -0.000480  
3.727500 	 -0.000481  
3.729070 	 -0.000482  
3.730641 	 -0.000484  
3.732212 	 -0.000485  
3.733783 	 -0.000487  
3.735354 	 -0.000488  
3.736924 	 -0.000489  
3.738495 	 -0.000491  
3.740066 	 -0.000492  
3.741637 	 -0.000493  
3.743208 	 -0.000495  
3.744778 	 -0.000496  
3.746349 	 -0.000498  
3.747920 	 -0.000499  
3.749491 	 -0.000500  
3.751062 	 -0.000502  
3.752632 	 -0.000503  
3.754203 	 -0.000504  
3.755774 	 -0.000506  
3.757345 	 -0.000507  
3.758916 	 -0.000509  
3.760486 	 -0.000510  
3.762057 	 -0.000511  
3.763628 	 -0.000513  
3.765199 	 -0.000514  
3.766770 	 -0.000516  
3.768340 	 -0.000517  
3.769911 	 -0.000518  
3.771482 	 -0.000520  
3.773053 	 -0.000521  
3.774624 	 -0.000522  
3.776194 	 -0.000524  
3.777765 	 -0.000525  
3.779336 	 -0.000527  
3.780907 	 -0.000528  
3.782478 	 -0.000529  
3.784048 	 -0.000531  
3.785619 	 -0.000532  
3.787190 	 -0.000534  
3.788761 	 -0.000535  
3.790332 	 -0.000536  
3.791902 	 -0.000538  
3.793473 	 -0.000539  
3.795044 	 -0.000541  
3.796615 	 -0.000542  
3.798186 	 -0.000543  
3.799756 	 -0.000545  
3.801327 	 -0.000546  
3.802898 	 -0.000548  
3.804469 	 -0.000549  
3.806039 	 -0.000550  
3.807610 	 -0.000552  
3.809181 	 -0.000553  
3.810752 	 -0.000555  
3.812323 	 -0.000556  
3.813893 	 -0.000557  
3.815464 	 -0.000559  
3.817035 	 -0.000560  
3.818606 	 -0.000562  
3.820177 	 -0.000563  
3.821747 	 -0.000565  
3.823318 	 -0.000566  
3.824889 	 -0.000567  
3.826460 	 -0.000569  
3.828031 	 -0.000570  
3.829601 	 -0.000572  
3.831172 	 -0.000573  
3.832743 	 -0.000575  
3.834314 	 -0.000576  
3.835885 	 -0.000577  
3.837455 	 -0.000579  
3.839026 	 -0.000580  
3.840597 	 -0.000582  
3.842168 	 -0.000583  
3.843739 	 -0.000584  
3.845309 	 -0.000586  
3.846880 	 -0.000587  
3.848451 	 -0.000589  
3.850022 	 -0.000590  
3.851593 	 -0.000592  
3.853163 	 -0.000593  
3.854734 	 -0.000594  
3.856305 	 -0.000596  
3.857876 	 -0.000597  
3.859447 	 -0.000599  
3.861017 	 -0.000600  
3.862588 	 -0.000602  
3.864159 	 -0.000603  
3.865730 	 -0.000605  
3.867301 	 -0.000606  
3.868871 	 -0.000607  
3.870442 	 -0.000609  
3.872013 	 -0.000610  
3.873584 	 -0.000612  
3.875155 	 -0.000613  
3.876725 	 -0.000615  
3.878296 	 -0.000616  
3.879867 	 -0.000617  
3.881438 	 -0.000619  
3.883009 	 -0.000620  
3.884579 	 -0.000622  
3.886150 	 -0.000623  
3.887721 	 -0.000625  
3.889292 	 -0.000626  
3.890863 	 -0.000628  
3.892433 	 -0.000629  
3.894004 	 -0.000631  
3.895575 	 -0.000632  
3.897146 	 -0.000633  
3.898716 	 -0.000635  
3.900287 	 -0.000636  
3.901858 	 -0.000638  
3.903429 	 -0.000639  
3.905000 	 -0.000641  
3.906570 	 -0.000642  
3.908141 	 -0.000644  
3.909712 	 -0.000645  
3.911283 	 -0.000647  
3.912854 	 -0.000648  
3.914424 	 -0.000650  
3.915995 	 -0.000651  
3.917566 	 -0.000653  
3.919137 	 -0.000654  
3.920708 	 -0.000655  
3.922278 	 -0.000657  
3.923849 	 -0.000658  
3.925420 	 -0.000660  
3.926991 	 -0.000661  
3.928562 	 -0.000663  
3.930132 	 -0.000664  
3.931703 	 -0.000666  
3.933274 	 -0.000667  
3.934845 	 -0.000669  
3.936416 	 -0.000670  
3.937986 	 -0.000672  
3.939557 	 -0.000673  
3.941128 	 -0.000675  
3.942699 	 -0.000676  
3.944270 	 -0.000678  
3.945840 	 -0.000679  
3.947411 	 -0.000681  
3.948982 	 -0.000682  
3.950553 	 -0.000684  
3.952124 	 -0.000685  
3.953694 	 -0.000687  
3.955265 	 -0.000688  
3.956836 	 -0.000690  
3.958407 	 -0.000691  
3.959978 	 -0.000693  
3.961548 	 -0.000694  
3.963119 	 -0.000696  
3.964690 	 -0.000697  
3.966261 	 -0.000699  
3.967832 	 -0.000700  
3.969402 	 -0.000702  
3.970973 	 -0.000703  
3.972544 	 -0.000705  
3.974115 	 -0.000706  
3.975686 	 -0.000708  
3.977256 	 -0.000709  
3.978827 	 -0.000711  
3.980398 	 -0.000712  
3.981969 	 -0.000714  
3.983539 	 -0.000715  
3.985110 	 -0.000717  
3.986681 	 -0.000718  
3.988252 	 -0.000720  
3.989823 	 -0.000721  
3.991393 	 -0.000723  
3.992964 	 -0.000724  
3.994535 	 -0.000726  
3.996106 	 -0.000727  
3.997677 	 -0.000729  
3.999247 	 -0.000730  
4.000818 	 -0.000732  
4.002389 	 -0.000733  
4.003960 	 -0.000735  
4.005531 	 -0.000736  
4.007101 	 -0.000738  
4.008672 	 -0.000740  
4.010243 	 -0.000741  
4.011814 	 -0.000743  
4.013385 	 -0.000744  
4.014955 	 -0.000746  
4.016526 	 -0.000747  
4.018097 	 -0.000749  
4.019668 	 -0.000750  
4.021239 	 -0.000752  
4.022809 	 -0.000753  
4.024380 	 -0.000755  
4.025951 	 -0.000756  
4.027522 	 -0.000758  
4.029093 	 -0.000760  
4.030663 	 -0.000761  
4.032234 	 -0.000763  
4.033805 	 -0.000764  
4.035376 	 -0.000766  
4.036947 	 -0.000767  
4.038517 	 -0.000769  
4.040088 	 -0.000770  
4.041659 	 -0.000772  
4.043230 	 -0.000774  
4.044801 	 -0.000775  
4.046371 	 -0.000777  
4.047942 	 -0.000778  
4.049513 	 -0.000780  
4.051084 	 -0.000781  
4.052655 	 -0.000783  
4.054225 	 -0.000784  
4.055796 	 -0.000786  
4.057367 	 -0.000788  
4.058938 	 -0.000789  
4.060509 	 -0.000791  
4.062079 	 -0.000792  
4.063650 	 -0.000794  
4.065221 	 -0.000796  
4.066792 	 -0.000797  
4.068362 	 -0.000799  
4.069933 	 -0.000800  
4.071504 	 -0.000802  
4.073075 	 -0.000803  
4.074646 	 -0.000805  
4.076216 	 -0.000807  
4.077787 	 -0.000808  
4.079358 	 -0.000810  
4.080929 	 -0.000811  
4.082500 	 -0.000813  
4.084070 	 -0.000815  
4.085641 	 -0.000816  
4.087212 	 -0.000818  
4.088783 	 -0.000819  
4.090354 	 -0.000821  
4.091924 	 -0.000823  
4.093495 	 -0.000824  
4.095066 	 -0.000826  
4.096637 	 -0.000827  
4.098208 	 -0.000829  
4.099778 	 -0.000831  
4.101349 	 -0.000832  
4.102920 	 -0.000834  
4.104491 	 -0.000835  
4.106062 	 -0.000837  
4.107632 	 -0.000839  
4.109203 	 -0.000840  
4.110774 	 -0.000842  
4.112345 	 -0.000843  
4.113916 	 -0.000845  
4.115486 	 -0.000847  
4.117057 	 -0.000848  
4.118628 	 -0.000850  
4.120199 	 -0.000852  
4.121770 	 -0.000853  
4.123340 	 -0.000855  
4.124911 	 -0.000856  
4.126482 	 -0.000858  
4.128053 	 -0.000860  
4.129624 	 -0.000861  
4.131194 	 -0.000863  
4.132765 	 -0.000865  
4.134336 	 -0.000866  
4.135907 	 -0.000868  
4.137478 	 -0.000870  
4.139048 	 -0.000871  
4.140619 	 -0.000873  
4.142190 	 -0.000875  
4.143761 	 -0.000876  
4.145332 	 -0.000878  
4.146902 	 -0.000879  
4.148473 	 -0.000881  
4.150044 	 -0.000883  
4.151615 	 -0.000884  
4.153185 	 -0.000886  
4.154756 	 -0.000888  
4.156327 	 -0.000889  
4.157898 	 -0.000891  
4.159469 	 -0.000893  
4.161039 	 -0.000894  
4.162610 	 -0.000896  
4.164181 	 -0.000898  
4.165752 	 -0.000899  
4.167323 	 -0.000901  
4.168893 	 -0.000903  
4.170464 	 -0.000904  
4.172035 	 -0.000906  
4.173606 	 -0.000908  
4.175177 	 -0.000909  
4.176747 	 -0.000911  
4.178318 	 -0.000913  
4.179889 	 -0.000914  
4.181460 	 -0.000916  
4.183031 	 -0.000918  
4.184601 	 -0.000919  
4.186172 	 -0.000921  
4.187743 	 -0.000923  
4.189314 	 -0.000925  
4.190885 	 -0.000926  
4.192455 	 -0.000928  
4.194026 	 -0.000930  
4.195597 	 -0.000931  
4.197168 	 -0.000933  
4.198739 	 -0.000935  
4.200309 	 -0.000936  
4.201880 	 -0.000938  
4.203451 	 -0.000940  
4.205022 	 -0.000941  
4.206593 	 -0.000943  
4.208163 	 -0.000945  
4.209734 	 -0.000947  
4.211305 	 -0.000948  
4.212876 	 -0.000950  
4.214447 	 -0.000952  
4.216017 	 -0.000954  
4.217588 	 -0.000955  
4.219159 	 -0.000957  
4.220730 	 -0.000959  
4.222301 	 -0.000960  
4.223871 	 -0.000962  
4.225442 	 -0.000964  
4.227013 	 -0.000966  
4.228584 	 -0.000967  
4.230155 	 -0.000969  
4.231725 	 -0.000971  
4.233296 	 -0.000973  
4.234867 	 -0.000974  
4.236438 	 -0.000976  
4.238008 	 -0.000978  
4.239579 	 -0.000980  
4.241150 	 -0.000981  
4.242721 	 -0.000983  
4.244292 	 -0.000985  
4.245862 	 -0.000987  
4.247433 	 -0.000988  
4.249004 	 -0.000990  
4.250575 	 -0.000992  
4.252146 	 -0.000994  
4.253716 	 -0.000995  
4.255287 	 -0.000997  
4.256858 	 -0.000999  
4.258429 	 -0.001001  
4.260000 	 -0.001002  
4.261570 	 -0.001004  
4.263141 	 -0.001006  
4.264712 	 -0.001008  
4.266283 	 -0.001009  
4.267854 	 -0.001011  
4.269424 	 -0.001013  
4.270995 	 -0.001015  
4.272566 	 -0.001017  
4.274137 	 -0.001018  
4.275708 	 -0.001020  
4.277278 	 -0.001022  
4.278849 	 -0.001024  
4.280420 	 -0.001025  
4.281991 	 -0.001027  
4.283562 	 -0.001029  
4.285132 	 -0.001031  
4.286703 	 -0.001033  
4.288274 	 -0.001034  
4.289845 	 -0.001036  
4.291416 	 -0.001038  
4.292986 	 -0.001040  
4.294557 	 -0.001042  
4.296128 	 -0.001044  
4.297699 	 -0.001045  
4.299270 	 -0.001047  
4.300840 	 -0.001049  
4.302411 	 -0.001051  
4.303982 	 -0.001053  
4.305553 	 -0.001054  
4.307124 	 -0.001056  
4.308694 	 -0.001058  
4.310265 	 -0.001060  
4.311836 	 -0.001062  
4.313407 	 -0.001064  
4.314978 	 -0.001065  
4.316548 	 -0.001067  
4.318119 	 -0.001069  
4.319690 	 -0.001071  
4.321261 	 -0.001073  
4.322831 	 -0.001075  
4.324402 	 -0.001077  
4.325973 	 -0.001078  
4.327544 	 -0.001080  
4.329115 	 -0.001082  
4.330685 	 -0.001084  
4.332256 	 -0.001086  
4.333827 	 -0.001088  
4.335398 	 -0.001090  
4.336969 	 -0.001091  
4.338539 	 -0.001093  
4.340110 	 -0.001095  
4.341681 	 -0.001097  
4.343252 	 -0.001099  
4.344823 	 -0.001101  
4.346393 	 -0.001103  
4.347964 	 -0.001105  
4.349535 	 -0.001106  
4.351106 	 -0.001108  
4.352677 	 -0.001110  
4.354247 	 -0.001112  
4.355818 	 -0.001114  
4.357389 	 -0.001116  
4.358960 	 -0.001118  
4.360531 	 -0.001120  
4.362101 	 -0.001122  
4.363672 	 -0.001123  
4.365243 	 -0.001125  
4.366814 	 -0.001127  
4.368385 	 -0.001129  
4.369955 	 -0.001131  
4.371526 	 -0.001133  
4.373097 	 -0.001135  
4.374668 	 -0.001137  
4.376239 	 -0.001139  
4.377809 	 -0.001141  
4.379380 	 -0.001143  
4.380951 	 -0.001144  
4.382522 	 -0.001146  
4.384093 	 -0.001148  
4.385663 	 -0.001150  
4.387234 	 -0.001152  
4.388805 	 -0.001154  
4.390376 	 -0.001156  
4.391947 	 -0.001158  
4.393517 	 -0.001160  
4.395088 	 -0.001162  
4.396659 	 -0.001164  
4.398230 	 -0.001166  
4.399801 	 -0.001168  
4.401371 	 -0.001170  
4.402942 	 -0.001172  
4.404513 	 -0.001174  
4.406084 	 -0.001176  
4.407654 	 -0.001178  
4.409225 	 -0.001180  
4.410796 	 -0.001182  
4.412367 	 -0.001184  
4.413938 	 -0.001186  
4.415508 	 -0.001188  
4.417079 	 -0.001190  
4.418650 	 -0.001191  
4.420221 	 -0.001193  
4.421792 	 -0.001195  
4.423362 	 -0.001197  
4.424933 	 -0.001199  
4.426504 	 -0.001201  
4.428075 	 -0.001203  
4.429646 	 -0.001205  
4.431216 	 -0.001207  
4.432787 	 -0.001209  
4.434358 	 -0.001211  
4.435929 	 -0.001213  
4.437500 	 -0.001215  
4.439070 	 -0.001218  
4.440641 	 -0.001220  
4.442212 	 -0.001222  
4.443783 	 -0.001224  
4.445354 	 -0.001226  
4.446924 	 -0.001228  
4.448495 	 -0.001230  
4.450066 	 -0.001232  
4.451637 	 -0.001234  
4.453208 	 -0.001236  
4.454778 	 -0.001238  
4.456349 	 -0.001240  
4.457920 	 -0.001242  
4.459491 	 -0.001244  
4.461062 	 -0.001246  
4.462632 	 -0.001248  
4.464203 	 -0.001250  
4.465774 	 -0.001252  
4.467345 	 -0.001254  
4.468916 	 -0.001256  
4.470486 	 -0.001258  
4.472057 	 -0.001260  
4.473628 	 -0.001263  
4.475199 	 -0.001265  
4.476770 	 -0.001267  
4.478340 	 -0.001269  
4.479911 	 -0.001271  
4.481482 	 -0.001273  
4.483053 	 -0.001275  
4.484624 	 -0.001277  
4.486194 	 -0.001279  
4.487765 	 -0.001281  
4.489336 	 -0.001283  
4.490907 	 -0.001286  
4.492477 	 -0.001288  
4.494048 	 -0.001290  
4.495619 	 -0.001292  
4.497190 	 -0.001294  
4.498761 	 -0.001296  
4.500331 	 -0.001298  
4.501902 	 -0.001300  
4.503473 	 -0.001302  
4.505044 	 -0.001305  
4.506615 	 -0.001307  
4.508185 	 -0.001309  
4.509756 	 -0.001311  
4.511327 	 -0.001313  
4.512898 	 -0.001315  
4.514469 	 -0.001317  
4.516039 	 -0.001320  
4.517610 	 -0.001322  
4.519181 	 -0.001324  
4.520752 	 -0.001326  
4.522323 	 -0.001328  
4.523893 	 -0.001330  
4.525464 	 -0.001333  
4.527035 	 -0.001335  
4.528606 	 -0.001337  
4.530177 	 -0.001339  
4.531747 	 -0.001341  
4.533318 	 -0.001344  
4.534889 	 -0.001346  
4.536460 	 -0.001348  
4.538031 	 -0.001350  
4.539601 	 -0.001352  
4.541172 	 -0.001354  
4.542743 	 -0.001357  
4.544314 	 -0.001359  
4.545885 	 -0.001361  
4.547455 	 -0.001363  
4.549026 	 -0.001366  
4.550597 	 -0.001368  
4.552168 	 -0.001370  
4.553739 	 -0.001372  
4.555309 	 -0.001374  
4.556880 	 -0.001377  
4.558451 	 -0.001379  
4.560022 	 -0.001381  
4.561593 	 -0.001383  
4.563163 	 -0.001386  
4.564734 	 -0.001388  
4.566305 	 -0.001390  
4.567876 	 -0.001392  
4.569447 	 -0.001395  
4.571017 	 -0.001397  
4.572588 	 -0.001399  
4.574159 	 -0.001401  
4.575730 	 -0.001404  
4.577300 	 -0.001406  
4.578871 	 -0.001408  
4.580442 	 -0.001411  
4.582013 	 -0.001413  
4.583584 	 -0.001415  
4.585154 	 -0.001417  
4.586725 	 -0.001420  
4.588296 	 -0.001422  
4.589867 	 -0.001424  
4.591438 	 -0.001427  
4.593008 	 -0.001429  
4.594579 	 -0.001431  
4.596150 	 -0.001434  
4.597721 	 -0.001436  
4.599292 	 -0.001438  
4.600862 	 -0.001441  
4.602433 	 -0.001443  
4.604004 	 -0.001445  
4.605575 	 -0.001448  
4.607146 	 -0.001450  
4.608716 	 -0.001452  
4.610287 	 -0.001455  
4.611858 	 -0.001457  
4.613429 	 -0.001459  
4.615000 	 -0.001462  
4.616570 	 -0.001464  
4.618141 	 -0.001466  
4.619712 	 -0.001469  
4.621283 	 -0.001471  
4.622854 	 -0.001473  
4.624424 	 -0.001476  
4.625995 	 -0.001478  
4.627566 	 -0.001481  
4.629137 	 -0.001483  
4.630708 	 -0.001485  
4.632278 	 -0.001488  
4.633849 	 -0.001490  
4.635420 	 -0.001493  
4.636991 	 -0.001495  
4.638562 	 -0.001497  
4.640132 	 -0.001500  
4.641703 	 -0.001502  
4.643274 	 -0.001505  
4.644845 	 -0.001507  
4.646416 	 -0.001510  
4.647986 	 -0.001512  
4.649557 	 -0.001514  
4.651128 	 -0.001517  
4.652699 	 -0.001519  
4.654270 	 -0.001522  
4.655840 	 -0.001524  
4.657411 	 -0.001527  
4.658982 	 -0.001529  
4.660553 	 -0.001532  
4.662123 	 -0.001534  
4.663694 	 -0.001537  
4.665265 	 -0.001539  
4.666836 	 -0.001542  
4.668407 	 -0.001544  
4.669977 	 -0.001547  
4.671548 	 -0.001549  
4.673119 	 -0.001552  
4.674690 	 -0.001554  
4.676261 	 -0.001557  
4.677831 	 -0.001559  
4.679402 	 -0.001562  
4.680973 	 -0.001564  
4.682544 	 -0.001567  
4.684115 	 -0.001569  
4.685685 	 -0.001572  
4.687256 	 -0.001574  
4.688827 	 -0.001577  
4.690398 	 -0.001579  
4.691969 	 -0.001582  
4.693539 	 -0.001584  
4.695110 	 -0.001587  
4.696681 	 -0.001590  
4.698252 	 -0.001592  
4.699823 	 -0.001595  
4.701393 	 -0.001597  
4.702964 	 -0.001600  
4.704535 	 -0.001602  
4.706106 	 -0.001605  
4.707677 	 -0.001608  
4.709247 	 -0.001610  
4.710818 	 -0.001613  
4.712389 	 -0.001615  
4.713960 	 -0.001618  
4.715531 	 -0.001621  
4.717101 	 -0.001623  
4.718672 	 -0.001626  
4.720243 	 -0.001629  
4.721814 	 -0.001631  
4.723385 	 -0.001634  
4.724955 	 -0.001636  
4.726526 	 -0.001639  
4.728097 	 -0.001642  
4.729668 	 -0.001644  
4.731239 	 -0.001647  
4.732809 	 -0.001650  
4.734380 	 -0.001652  
4.735951 	 -0.001655  
4.737522 	 -0.001658  
4.739093 	 -0.001660  
4.740663 	 -0.001663  
4.742234 	 -0.001666  
4.743805 	 -0.001669  
4.745376 	 -0.001671  
4.746946 	 -0.001674  
4.748517 	 -0.001677  
4.750088 	 -0.001679  
4.751659 	 -0.001682  
4.753230 	 -0.001685  
4.754800 	 -0.001688  
4.756371 	 -0.001690  
4.757942 	 -0.001693  
4.759513 	 -0.001696  
4.761084 	 -0.001699  
4.762654 	 -0.001701  
4.764225 	 -0.001704  
4.765796 	 -0.001707  
4.767367 	 -0.001710  
4.768938 	 -0.001712  
4.770508 	 -0.001715  
4.772079 	 -0.001718  
4.773650 	 -0.001721  
4.775221 	 -0.001724  
4.776792 	 -0.001726  
4.778362 	 -0.001729  
4.779933 	 -0.001732  
4.781504 	 -0.001735  
4.783075 	 -0.001738  
4.784646 	 -0.001740  
4.786216 	 -0.001743  
4.787787 	 -0.001746  
4.789358 	 -0.001749  
4.790929 	 -0.001752  
4.792500 	 -0.001755  
4.794070 	 -0.001758  
4.795641 	 -0.001760  
4.797212 	 -0.001763  
4.798783 	 -0.001766  
4.800354 	 -0.001769  
4.801924 	 -0.001772  
4.803495 	 -0.001775  
4.805066 	 -0.001778  
4.806637 	 -0.001781  
4.808208 	 -0.001784  
4.809778 	 -0.001786  
4.811349 	 -0.001789  
4.812920 	 -0.001792  
4.814491 	 -0.001795  
4.816062 	 -0.001798  
4.817632 	 -0.001801  
4.819203 	 -0.001804  
4.820774 	 -0.001807  
4.822345 	 -0.001810  
4.823916 	 -0.001813  
4.825486 	 -0.001816  
4.827057 	 -0.001819  
4.828628 	 -0.001822  
4.830199 	 -0.001825  
4.831770 	 -0.001828  
4.833340 	 -0.001831  
4.834911 	 -0.001834  
4.836482 	 -0.001837  
4.838053 	 -0.001840  
4.839623 	 -0.001843  
4.841194 	 -0.001846  
4.842765 	 -0.001849  
4.844336 	 -0.001852  
4.845907 	 -0.001855  
4.847477 	 -0.001858  
4.849048 	 -0.001861  
4.850619 	 -0.001864  
4.852190 	 -0.001867  
4.853761 	 -0.001870  
4.855331 	 -0.001873  
4.856902 	 -0.001877  
4.858473 	 -0.001880  
4.860044 	 -0.001883  
4.861615 	 -0.001886  
4.863185 	 -0.001889  
4.864756 	 -0.001892  
4.866327 	 -0.001895  
4.867898 	 -0.001898  
4.869469 	 -0.001901  
4.871039 	 -0.001905  
4.872610 	 -0.001908  
4.874181 	 -0.001911  
4.875752 	 -0.001914  
4.877323 	 -0.001917  
4.878893 	 -0.001920  
4.880464 	 -0.001924  
4.882035 	 -0.001927  
4.883606 	 -0.001930  
4.885177 	 -0.001933  
4.886747 	 -0.001936  
4.888318 	 -0.001940  
4.889889 	 -0.001943  
4.891460 	 -0.001946  
4.893031 	 -0.001949  
4.894601 	 -0.001953  
4.896172 	 -0.001956  
4.897743 	 -0.001959  
4.899314 	 -0.001962  
4.900885 	 -0.001966  
4.902455 	 -0.001969  
4.904026 	 -0.001972  
4.905597 	 -0.001975  
4.907168 	 -0.001979  
4.908739 	 -0.001982  
4.910309 	 -0.001985  
4.911880 	 -0.001989  
4.913451 	 -0.001992  
4.915022 	 -0.001995  
4.916593 	 -0.001999  
4.918163 	 -0.002002  
4.919734 	 -0.002005  
4.921305 	 -0.002009  
4.922876 	 -0.002012  
4.924446 	 -0.002016  
4.926017 	 -0.002019  
4.927588 	 -0.002022  
4.929159 	 -0.002026  
4.930730 	 -0.002029  
4.932300 	 -0.002033  
4.933871 	 -0.002036  
4.935442 	 -0.002039  
4.937013 	 -0.002043  
4.938584 	 -0.002046  
4.940154 	 -0.002050  
4.941725 	 -0.002053  
4.943296 	 -0.002057  
4.944867 	 -0.002060  
4.946438 	 -0.002064  
4.948008 	 -0.002067  
4.949579 	 -0.002071  
4.951150 	 -0.002074  
4.952721 	 -0.002078  
4.954292 	 -0.002081  
4.955862 	 -0.002085  
4.957433 	 -0.002088  
4.959004 	 -0.002092  
4.960575 	 -0.002095  
4.962146 	 -0.002099  
4.963716 	 -0.002102  
4.965287 	 -0.002106  
4.966858 	 -0.002110  
4.968429 	 -0.002113  
4.970000 	 -0.002117  
4.971570 	 -0.002120  
4.973141 	 -0.002124  
4.974712 	 -0.002128  
4.976283 	 -0.002131  
4.977854 	 -0.002135  
4.979424 	 -0.002139  
4.980995 	 -0.002142  
4.982566 	 -0.002146  
4.984137 	 -0.002150  
4.985708 	 -0.002153  
4.987278 	 -0.002157  
4.988849 	 -0.002161  
4.990420 	 -0.002164  
4.991991 	 -0.002168  
4.993562 	 -0.002172  
4.995132 	 -0.002175  
4.996703 	 -0.002179  
4.998274 	 -0.002183  
4.999845 	 -0.002187  
5.001416 	 -0.002191  
5.002986 	 -0.002194  
5.004557 	 -0.002198  
5.006128 	 -0.002202  
5.007699 	 -0.002206  
5.009269 	 -0.002210  
5.010840 	 -0.002213  
5.012411 	 -0.002217  
5.013982 	 -0.002221  
5.015553 	 -0.002225  
5.017123 	 -0.002229  
5.018694 	 -0.002233  
5.020265 	 -0.002237  
5.021836 	 -0.002240  
5.023407 	 -0.002244  
5.024977 	 -0.002248  
5.026548 	 -0.002252  
5.028119 	 -0.002256  
5.029690 	 -0.002260  
5.031261 	 -0.002264  
5.032831 	 -0.002268  
5.034402 	 -0.002272  
5.035973 	 -0.002276  
5.037544 	 -0.002280  
5.039115 	 -0.002284  
5.040685 	 -0.002288  
5.042256 	 -0.002292  
5.043827 	 -0.002296  
5.045398 	 -0.002300  
5.046969 	 -0.002304  
5.048539 	 -0.002308  
5.050110 	 -0.002312  
5.051681 	 -0.002316  
5.053252 	 -0.002320  
5.054823 	 -0.002324  
5.056393 	 -0.002328  
5.057964 	 -0.002332  
5.059535 	 -0.002337  
5.061106 	 -0.002341  
5.062677 	 -0.002345  
5.064247 	 -0.002349  
5.065818 	 -0.002353  
5.067389 	 -0.002357  
5.068960 	 -0.002362  
5.070531 	 -0.002366  
5.072101 	 -0.002370  
5.073672 	 -0.002374  
5.075243 	 -0.002378  
5.076814 	 -0.002383  
5.078385 	 -0.002387  
5.079955 	 -0.002391  
5.081526 	 -0.002396  
5.083097 	 -0.002400  
5.084668 	 -0.002404  
5.086239 	 -0.002408  
5.087809 	 -0.002413  
5.089380 	 -0.002417  
5.090951 	 -0.002421  
5.092522 	 -0.002426  
5.094092 	 -0.002430  
5.095663 	 -0.002435  
5.097234 	 -0.002439  
5.098805 	 -0.002443  
5.100376 	 -0.002448  
5.101946 	 -0.002452  
5.103517 	 -0.002457  
5.105088 	 -0.002461  
5.106659 	 -0.002466  
5.108230 	 -0.002470  
5.109800 	 -0.002474  
5.111371 	 -0.002479  
5.112942 	 -0.002483  
5.114513 	 -0.002488  
5.116084 	 -0.002492  
5.117654 	 -0.002497  
5.119225 	 -0.002502  
5.120796 	 -0.002506  
5.122367 	 -0.002511  
5.123938 	 -0.002515  
5.125508 	 -0.002520  
5.127079 	 -0.002525  
5.128650 	 -0.002529  
5.130221 	 -0.002534  
5.131792 	 -0.002539  
5.133362 	 -0.002543  
5.134933 	 -0.002548  
5.136504 	 -0.002553  
5.138075 	 -0.002557  
5.139646 	 -0.002562  
5.141216 	 -0.002567  
5.142787 	 -0.002572  
5.144358 	 -0.002576  
5.145929 	 -0.002581  
5.147500 	 -0.002586  
5.149070 	 -0.002591  
5.150641 	 -0.002596  
5.152212 	 -0.002600  
5.153783 	 -0.002605  
5.155354 	 -0.002610  
5.156924 	 -0.002615  
5.158495 	 -0.002620  
5.160066 	 -0.002625  
5.161637 	 -0.002630  
5.163208 	 -0.002635  
5.164778 	 -0.002639  
5.166349 	 -0.002644  
5.167920 	 -0.002649  
5.169491 	 -0.002654  
5.171062 	 -0.002659  
5.172632 	 -0.002664  
5.174203 	 -0.002669  
5.175774 	 -0.002674  
5.177345 	 -0.002680  
5.178915 	 -0.002685  
5.180486 	 -0.002690  
5.182057 	 -0.002695  
5.183628 	 -0.002700  
5.185199 	 -0.002705  
5.186769 	 -0.002710  
5.188340 	 -0.002715  
5.189911 	 -0.002721  
5.191482 	 -0.002726  
5.193053 	 -0.002731  
5.194623 	 -0.002736  
5.196194 	 -0.002741  
5.197765 	 -0.002747  
5.199336 	 -0.002752  
5.200907 	 -0.002757  
5.202477 	 -0.002763  
5.204048 	 -0.002768  
5.205619 	 -0.002773  
5.207190 	 -0.002779  
5.208761 	 -0.002784  
5.210331 	 -0.002789  
5.211902 	 -0.002795  
5.213473 	 -0.002800  
5.215044 	 -0.002806  
5.216615 	 -0.002811  
5.218185 	 -0.002817  
5.219756 	 -0.002822  
5.221327 	 -0.002828  
5.222898 	 -0.002833  
5.224469 	 -0.002839  
5.226039 	 -0.002844  
5.227610 	 -0.002850  
5.229181 	 -0.002855  
5.230752 	 -0.002861  
5.232323 	 -0.002867  
5.233893 	 -0.002872  
5.235464 	 -0.002878  
5.237035 	 -0.002884  
5.238606 	 -0.002889  
5.240177 	 -0.002895  
5.241747 	 -0.002901  
5.243318 	 -0.002907  
5.244889 	 -0.002912  
5.246460 	 -0.002918  
5.248031 	 -0.002924  
5.249601 	 -0.002930  
5.251172 	 -0.002936  
5.252743 	 -0.002942  
5.254314 	 -0.002947  
5.255885 	 -0.002953  
5.257455 	 -0.002959  
5.259026 	 -0.002965  
5.260597 	 -0.002971  
5.262168 	 -0.002977  
5.263738 	 -0.002983  
5.265309 	 -0.002989  
5.266880 	 -0.002995  
5.268451 	 -0.003001  
5.270022 	 -0.003007  
5.271592 	 -0.003014  
5.273163 	 -0.003020  
5.274734 	 -0.003026  
5.276305 	 -0.003032  
5.277876 	 -0.003038  
5.279446 	 -0.003044  
5.281017 	 -0.003051  
5.282588 	 -0.003057  
5.284159 	 -0.003063  
5.285730 	 -0.003069  
5.287300 	 -0.003076  
5.288871 	 -0.003082  
5.290442 	 -0.003088  
5.292013 	 -0.003095  
5.293584 	 -0.003101  
5.295154 	 -0.003108  
5.296725 	 -0.003114  
5.298296 	 -0.003121  
5.299867 	 -0.003127  
5.301438 	 -0.003134  
5.303008 	 -0.003140  
5.304579 	 -0.003147  
5.306150 	 -0.003153  
5.307721 	 -0.003160  
5.309292 	 -0.003167  
5.310862 	 -0.003173  
5.312433 	 -0.003180  
5.314004 	 -0.003187  
5.315575 	 -0.003193  
5.317146 	 -0.003200  
5.318716 	 -0.003207  
5.320287 	 -0.003214  
5.321858 	 -0.003220  
5.323429 	 -0.003227  
5.325000 	 -0.003234  
5.326570 	 -0.003241  
5.328141 	 -0.003248  
5.329712 	 -0.003255  
5.331283 	 -0.003262  
5.332854 	 -0.003269  
5.334424 	 -0.003276  
5.335995 	 -0.003283  
5.337566 	 -0.003290  
5.339137 	 -0.003297  
5.340708 	 -0.003304  
5.342278 	 -0.003312  
5.343849 	 -0.003319  
5.345420 	 -0.003326  
5.346991 	 -0.003333  
5.348561 	 -0.003340  
5.350132 	 -0.003348  
5.351703 	 -0.003355  
5.353274 	 -0.003362  
5.354845 	 -0.003370  
5.356415 	 -0.003377  
5.357986 	 -0.003385  
5.359557 	 -0.003392  
5.361128 	 -0.003400  
5.362699 	 -0.003407  
5.364269 	 -0.003415  
5.365840 	 -0.003422  
5.367411 	 -0.003430  
5.368982 	 -0.003437  
5.370553 	 -0.003445  
5.372123 	 -0.003453  
5.373694 	 -0.003461  
5.375265 	 -0.003468  
5.376836 	 -0.003476  
5.378407 	 -0.003484  
5.379977 	 -0.003492  
5.381548 	 -0.003500  
5.383119 	 -0.003508  
5.384690 	 -0.003516  
5.386261 	 -0.003524  
5.387831 	 -0.003532  
5.389402 	 -0.003540  
5.390973 	 -0.003548  
5.392544 	 -0.003556  
5.394115 	 -0.003564  
5.395685 	 -0.003572  
5.397256 	 -0.003580  
5.398827 	 -0.003589  
5.400398 	 -0.003597  
5.401969 	 -0.003605  
5.403539 	 -0.003613  
5.405110 	 -0.003622  
5.406681 	 -0.003630  
5.408252 	 -0.003639  
5.409823 	 -0.003647  
5.411393 	 -0.003656  
5.412964 	 -0.003664  
5.414535 	 -0.003673  
5.416106 	 -0.003682  
5.417677 	 -0.003690  
5.419247 	 -0.003699  
5.420818 	 -0.003708  
5.422389 	 -0.003716  
5.423960 	 -0.003725  
5.425531 	 -0.003734  
5.427101 	 -0.003743  
5.428672 	 -0.003752  
5.430243 	 -0.003761  
5.431814 	 -0.003770  
5.433384 	 -0.003779  
5.434955 	 -0.003788  
5.436526 	 -0.003797  
5.438097 	 -0.003806  
5.439668 	 -0.003815  
5.441238 	 -0.003825  
5.442809 	 -0.003834  
5.444380 	 -0.003843  
5.445951 	 -0.003853  
5.447522 	 -0.003862  
5.449092 	 -0.003872  
5.450663 	 -0.003881  
5.452234 	 -0.003891  
5.453805 	 -0.003900  
5.455376 	 -0.003910  
5.456946 	 -0.003919  
5.458517 	 -0.003929  
5.460088 	 -0.003939  
5.461659 	 -0.003949  
5.463230 	 -0.003959  
5.464800 	 -0.003968  
5.466371 	 -0.003978  
5.467942 	 -0.003988  
5.469513 	 -0.003998  
5.471084 	 -0.004008  
5.472654 	 -0.004019  
5.474225 	 -0.004029  
5.475796 	 -0.004039  
5.477367 	 -0.004049  
5.478938 	 -0.004060  
5.480508 	 -0.004070  
5.482079 	 -0.004080  
5.483650 	 -0.004091  
5.485221 	 -0.004101  
5.486792 	 -0.004112  
5.488362 	 -0.004122  
5.489933 	 -0.004133  
5.491504 	 -0.004144  
5.493075 	 -0.004155  
5.494646 	 -0.004165  
5.496216 	 -0.004176  
5.497787 	 -0.004187  
5.499358 	 -0.004198  
5.500929 	 -0.004209  
5.502500 	 -0.004220  
5.504070 	 -0.004232  
5.505641 	 -0.004243  
5.507212 	 -0.004254  
5.508783 	 -0.004265  
5.510354 	 -0.004277  
5.511924 	 -0.004288  
5.513495 	 -0.004300  
5.515066 	 -0.004311  
5.516637 	 -0.004323  
5.518207 	 -0.004334  
5.519778 	 -0.004346  
5.521349 	 -0.004358  
5.522920 	 -0.004370  
5.524491 	 -0.004382  
5.526061 	 -0.004394  
5.527632 	 -0.004406  
5.529203 	 -0.004418  
5.530774 	 -0.004430  
5.532345 	 -0.004442  
5.533915 	 -0.004454  
5.535486 	 -0.004467  
5.537057 	 -0.004479  
5.538628 	 -0.004492  
5.540199 	 -0.004504  
5.541769 	 -0.004517  
5.543340 	 -0.004530  
5.544911 	 -0.004542  
5.546482 	 -0.004555  
5.548053 	 -0.004568  
5.549623 	 -0.004581  
5.551194 	 -0.004594  
5.552765 	 -0.004607  
5.554336 	 -0.004620  
5.555907 	 -0.004634  
5.557477 	 -0.004647  
5.559048 	 -0.004660  
5.560619 	 -0.004674  
5.562190 	 -0.004687  
5.563761 	 -0.004701  
5.565331 	 -0.004715  
5.566902 	 -0.004728  
5.568473 	 -0.004742  
5.570044 	 -0.004756  
5.571615 	 -0.004770  
5.573185 	 -0.004784  
5.574756 	 -0.004799  
5.576327 	 -0.004813  
5.577898 	 -0.004827  
5.579469 	 -0.004842  
5.581039 	 -0.004856  
5.582610 	 -0.004871  
5.584181 	 -0.004885  
5.585752 	 -0.004900  
5.587323 	 -0.004915  
5.588893 	 -0.004930  
5.590464 	 -0.004945  
5.592035 	 -0.004960  
5.593606 	 -0.004975  
5.595177 	 -0.004991  
5.596747 	 -0.005006  
5.598318 	 -0.005022  
5.599889 	 -0.005037  
5.601460 	 -0.005053  
5.603030 	 -0.005069  
5.604601 	 -0.005085  
5.606172 	 -0.005101  
5.607743 	 -0.005117  
5.609314 	 -0.005133  
5.610884 	 -0.005149  
5.612455 	 -0.005166  
5.614026 	 -0.005182  
5.615597 	 -0.005199  
5.617168 	 -0.005216  
5.618738 	 -0.005232  
5.620309 	 -0.005249  
5.621880 	 -0.005266  
5.623451 	 -0.005283  
5.625022 	 -0.005301  
5.626592 	 -0.005318  
5.628163 	 -0.005336  
5.629734 	 -0.005353  
5.631305 	 -0.005371  
5.632876 	 -0.005389  
5.634446 	 -0.005407  
5.636017 	 -0.005425  
5.637588 	 -0.005443  
5.639159 	 -0.005462  
5.640730 	 -0.005480  
5.642300 	 -0.005499  
5.643871 	 -0.005517  
5.645442 	 -0.005536  
5.647013 	 -0.005555  
5.648584 	 -0.005574  
5.650154 	 -0.005594  
5.651725 	 -0.005613  
5.653296 	 -0.005632  
5.654867 	 -0.005652  
5.656438 	 -0.005672  
5.658008 	 -0.005692  
5.659579 	 -0.005712  
5.661150 	 -0.005732  
5.662721 	 -0.005753  
5.664292 	 -0.005773  
5.665862 	 -0.005794  
5.667433 	 -0.005814  
5.669004 	 -0.005835  
5.670575 	 -0.005857  
5.672146 	 -0.005878  
5.673716 	 -0.005899  
5.675287 	 -0.005921  
5.676858 	 -0.005943  
5.678429 	 -0.005965  
5.680000 	 -0.005987  
5.681570 	 -0.006009  
5.683141 	 -0.006031  
5.684712 	 -0.006054  
5.686283 	 -0.006077  
5.687853 	 -0.006100  
5.689424 	 -0.006123  
5.690995 	 -0.006146  
5.692566 	 -0.006170  
5.694137 	 -0.006194  
5.695707 	 -0.006217  
5.697278 	 -0.006242  
5.698849 	 -0.006266  
5.700420 	 -0.006290  
5.701991 	 -0.006315  
5.703561 	 -0.006340  
5.705132 	 -0.006365  
5.706703 	 -0.006390  
5.708274 	 -0.006416  
5.709845 	 -0.006441  
5.711415 	 -0.006467  
5.712986 	 -0.006494  
5.714557 	 -0.006520  
5.716128 	 -0.006546  
5.717699 	 -0.006573  
5.719269 	 -0.006600  
5.720840 	 -0.006628  
5.722411 	 -0.006655  
5.723982 	 -0.006683  
5.725553 	 -0.006711  
5.727123 	 -0.006739  
5.728694 	 -0.006768  
5.730265 	 -0.006797  
5.731836 	 -0.006826  
5.733407 	 -0.006855  
5.734977 	 -0.006884  
5.736548 	 -0.006914  
5.738119 	 -0.006944  
5.739690 	 -0.006975  
5.741261 	 -0.007005  
5.742831 	 -0.007036  
5.744402 	 -0.007067  
5.745973 	 -0.007099  
5.747544 	 -0.007131  
5.749115 	 -0.007163  
5.750685 	 -0.007195  
5.752256 	 -0.007228  
5.753827 	 -0.007261  
5.755398 	 -0.007295  
5.756969 	 -0.007328  
5.758539 	 -0.007362  
5.760110 	 -0.007397  
5.761681 	 -0.007432  
5.763252 	 -0.007467  
5.764823 	 -0.007502  
5.766393 	 -0.007538  
5.767964 	 -0.007574  
5.769535 	 -0.007611  
5.771106 	 -0.007647  
5.772677 	 -0.007685  
5.774247 	 -0.007722  
5.775818 	 -0.007761  
5.777389 	 -0.007799  
5.778960 	 -0.007838  
5.780530 	 -0.007877  
5.782101 	 -0.007917  
5.783672 	 -0.007957  
5.785243 	 -0.007998  
5.786814 	 -0.008039  
5.788384 	 -0.008080  
5.789955 	 -0.008123  
5.791526 	 -0.008165  
5.793097 	 -0.008208  
5.794668 	 -0.008251  
5.796238 	 -0.008295  
5.797809 	 -0.008340  
5.799380 	 -0.008385  
5.800951 	 -0.008430  
5.802522 	 -0.008476  
5.804092 	 -0.008523  
5.805663 	 -0.008570  
5.807234 	 -0.008618  
5.808805 	 -0.008666  
5.810376 	 -0.008715  
5.811946 	 -0.008764  
5.813517 	 -0.008815  
5.815088 	 -0.008865  
5.816659 	 -0.008917  
5.818230 	 -0.008969  
5.819800 	 -0.009021  
5.821371 	 -0.009075  
5.822942 	 -0.009129  
5.824513 	 -0.009184  
5.826084 	 -0.009239  
5.827654 	 -0.009295  
5.829225 	 -0.009352  
5.830796 	 -0.009410  
5.832367 	 -0.009469  
5.833938 	 -0.009528  
5.835508 	 -0.009588  
5.837079 	 -0.009649  
5.838650 	 -0.009711  
5.840221 	 -0.009774  
5.841792 	 -0.009837  
5.843362 	 -0.009902  
5.844933 	 -0.009967  
5.846504 	 -0.010034  
5.848075 	 -0.010101  
5.849646 	 -0.010169  
5.851216 	 -0.010239  
5.852787 	 -0.010309  
5.854358 	 -0.010381  
5.855929 	 -0.010453  
5.857500 	 -0.010527  
5.859070 	 -0.010602  
5.860641 	 -0.010678  
5.862212 	 -0.010756  
5.863783 	 -0.010834  
5.865353 	 -0.010914  
5.866924 	 -0.010995  
5.868495 	 -0.011078  
5.870066 	 -0.011162  
5.871637 	 -0.011247  
5.873207 	 -0.011334  
5.874778 	 -0.011422  
5.876349 	 -0.011512  
5.877920 	 -0.011603  
5.879491 	 -0.011696  
5.881061 	 -0.011790  
5.882632 	 -0.011887  
5.884203 	 -0.011985  
5.885774 	 -0.012085  
5.887345 	 -0.012187  
5.888915 	 -0.012290  
5.890486 	 -0.012396  
5.892057 	 -0.012503  
5.893628 	 -0.012613  
5.895199 	 -0.012725  
5.896769 	 -0.012839  
5.898340 	 -0.012956  
5.899911 	 -0.013075  
5.901482 	 -0.013196  
5.903053 	 -0.013320  
5.904623 	 -0.013446  
5.906194 	 -0.013575  
5.907765 	 -0.013707  
5.909336 	 -0.013841  
5.910907 	 -0.013979  
5.912477 	 -0.014120  
5.914048 	 -0.014264  
5.915619 	 -0.014411  
5.917190 	 -0.014562  
5.918761 	 -0.014716  
5.920331 	 -0.014873  
5.921902 	 -0.015035  
5.923473 	 -0.015201  
5.925044 	 -0.015370  
5.926615 	 -0.015544  
5.928185 	 -0.015722  
5.929756 	 -0.015905  
5.931327 	 -0.016093  
5.932898 	 -0.016286  
5.934469 	 -0.016483  
5.936039 	 -0.016687  
5.937610 	 -0.016895  
5.939181 	 -0.017110  
5.940752 	 -0.017331  
5.942323 	 -0.017558  
5.943893 	 -0.017792  
5.945464 	 -0.018033  
5.947035 	 -0.018281  
5.948606 	 -0.018537  
5.950176 	 -0.018801  
5.951747 	 -0.019073  
5.953318 	 -0.019355  
5.954889 	 -0.019645  
5.956460 	 -0.019945  
5.958030 	 -0.020256  
5.959601 	 -0.020577  
5.961172 	 -0.020910  
5.962743 	 -0.021255  
5.964314 	 -0.021613  
5.965884 	 -0.021984  
5.967455 	 -0.022369  
5.969026 	 -0.022770  
5.970597 	 -0.023186  
5.972168 	 -0.023620  
5.973738 	 -0.024071  
5.975309 	 -0.024542  
5.976880 	 -0.025034  
5.978451 	 -0.025547  
5.980022 	 -0.026084  
5.981592 	 -0.026646  
5.983163 	 -0.027236  
5.984734 	 -0.027854  
5.986305 	 -0.028503  
5.987876 	 -0.029187  
5.989446 	 -0.029906  
5.991017 	 -0.030665  
5.992588 	 -0.031467  
5.994159 	 -0.032316  
5.995730 	 -0.033216  
5.997300 	 -0.034171  
5.998871 	 -0.035187  
6.000442 	 -0.036270  
6.002013 	 -0.037427  
6.003584 	 -0.038667  
6.005154 	 -0.039997  
6.006725 	 -0.041428  
6.008296 	 -0.042973  
6.009867 	 -0.044646  
6.011438 	 -0.046464  
6.013008 	 -0.048445  
6.014579 	 -0.050614  
6.016150 	 -0.052998  
6.017721 	 -0.055630  
6.019292 	 -0.058555  
6.020862 	 -0.061820  
6.022433 	 -0.065490  
6.024004 	 -0.069646  
6.025575 	 -0.074392  
6.027146 	 -0.079863  
6.028716 	 -0.086236  
6.030287 	 -0.093757  
6.031858 	 -0.102765  
6.033429 	 -0.113749  
6.034999 	 -0.127440  
6.036570 	 -0.144963  
6.038141 	 -0.168179  
6.039712 	 -0.200362  
6.041283 	 -0.247820  
6.042853 	 -0.324358  
6.044424 	 -0.465622  
6.045995 	 -0.785441  
6.047566 	 -1.567542  
6.049137 	 0.785424  
6.050707 	 0.461629  
6.052278 	 0.319089  
6.053849 	 0.242044  
6.055420 	 0.194319  
6.056991 	 0.161986  
6.058561 	 0.138671  
6.060132 	 0.121089  
6.061703 	 0.107359  
6.063274 	 0.096344  
6.064845 	 0.087312  
6.066415 	 0.079773  
6.067986 	 0.073382  
6.069557 	 0.067901  
6.071128 	 0.063145  
6.072699 	 0.058979  
6.074269 	 0.055301  
6.075840 	 0.052027  
6.077411 	 0.049097  
6.078982 	 0.046457  
6.080553 	 0.044067  
6.082123 	 0.041893  
6.083694 	 0.039906  
6.085265 	 0.038083  
6.086836 	 0.036405  
6.088407 	 0.034854  
6.089977 	 0.033417  
6.091548 	 0.032081  
6.093119 	 0.030837  
6.094690 	 0.029674  
6.096261 	 0.028586  
6.097831 	 0.027564  
6.099402 	 0.026603  
6.100973 	 0.025698  
6.102544 	 0.024843  
6.104115 	 0.024035  
6.105685 	 0.023270  
6.107256 	 0.022544  
6.108827 	 0.021854  
6.110398 	 0.021198  
6.111969 	 0.020573  
6.113539 	 0.019978  
6.115110 	 0.019408  
6.116681 	 0.018864  
6.118252 	 0.018344  
6.119822 	 0.017845  
6.121393 	 0.017366  
6.122964 	 0.016907  
6.124535 	 0.016466  
6.126106 	 0.016041  
6.127676 	 0.015633  
6.129247 	 0.015239  
6.130818 	 0.014859  
6.132389 	 0.014493  
6.133960 	 0.014140  
6.135530 	 0.013798  
6.137101 	 0.013467  
6.138672 	 0.013147  
6.140243 	 0.012838  
6.141814 	 0.012537  
6.143384 	 0.012246  
6.144955 	 0.011964  
6.146526 	 0.011690  
6.148097 	 0.011424  
6.149668 	 0.011165  
6.151238 	 0.010913  
6.152809 	 0.010668  
6.154380 	 0.010430  
6.155951 	 0.010197  
6.157522 	 0.009971  
6.159092 	 0.009751  
6.160663 	 0.009535  
6.162234 	 0.009325  
6.163805 	 0.009120  
6.165376 	 0.008920  
6.166946 	 0.008724  
6.168517 	 0.008533  
6.170088 	 0.008346  
6.171659 	 0.008163  
6.173230 	 0.007984  
6.174800 	 0.007808  
6.176371 	 0.007636  
6.177942 	 0.007468  
6.179513 	 0.007303  
6.181084 	 0.007141  
6.182654 	 0.006982  
6.184225 	 0.006826  
6.185796 	 0.006673  
6.187367 	 0.006522  
6.188938 	 0.006374  
6.190508 	 0.006229  
6.192079 	 0.006086  
6.193650 	 0.005946  
6.195221 	 0.005807  
6.196792 	 0.005671  
6.198362 	 0.005537  
6.199933 	 0.005405  
6.201504 	 0.005275  
6.203075 	 0.005147  
6.204645 	 0.005021  
6.206216 	 0.004896  
6.207787 	 0.004773  
6.209358 	 0.004652  
6.210929 	 0.004533  
6.212499 	 0.004414  
6.214070 	 0.004298  
6.215641 	 0.004182  
6.217212 	 0.004068  
6.218783 	 0.003956  
6.220353 	 0.003844  
6.221924 	 0.003734  
6.223495 	 0.003625  
6.225066 	 0.003517  
6.226637 	 0.003411  
6.228207 	 0.003305  
6.229778 	 0.003200  
6.231349 	 0.003096  
6.232920 	 0.002993  
6.234491 	 0.002891  
6.236061 	 0.002790  
6.237632 	 0.002690  
6.239203 	 0.002590  
6.240774 	 0.002492  
6.242345 	 0.002394  
6.243915 	 0.002296  
6.245486 	 0.002199  
6.247057 	 0.002103  
6.248628 	 0.002008  
6.250199 	 0.001913  
6.251769 	 0.001818  
6.253340 	 0.001724  
6.254911 	 0.001631  
6.256482 	 0.001538  
6.258053 	 0.001445  
6.259623 	 0.001353  
6.261194 	 0.001261  
6.262765 	 0.001170  
6.264336 	 0.001079  
6.265907 	 0.000988  
6.267477 	 0.000897  
6.269048 	 0.000807  
6.270619 	 0.000716  
6.272190 	 0.000626  
6.273761 	 0.000537  
6.275331 	 0.000447  
6.276902 	 0.000357  
6.278473 	 0.000268  
6.280044 	 0.000179  
6.281615 	 0.000089  
