0.000000 	 1.000001  
0.001571 	 1.000001  
0.003142 	 1.000001  
0.004712 	 1.000001  
0.006283 	 1.000001  
0.007854 	 1.000001  
0.009425 	 1.000001  
0.010996 	 1.000001  
0.012566 	 1.000001  
0.014137 	 1.000001  
0.015708 	 1.000001  
0.017279 	 1.000001  
0.018850 	 1.000001  
0.020420 	 1.000000  
0.021991 	 1.000000  
0.023562 	 1.000000  
0.025133 	 1.000000  
0.026704 	 1.000000  
0.028274 	 1.000000  
0.029845 	 1.000000  
0.031416 	 0.999999  
0.032987 	 0.999999  
0.034558 	 0.999999  
0.036128 	 0.999999  
0.037699 	 0.999999  
0.039270 	 0.999998  
0.040841 	 0.999998  
0.042412 	 0.999998  
0.043982 	 0.999998  
0.045553 	 0.999997  
0.047124 	 0.999997  
0.048695 	 0.999997  
0.050265 	 0.999997  
0.051836 	 0.999996  
0.053407 	 0.999996  
0.054978 	 0.999996  
0.056549 	 0.999995  
0.058119 	 0.999995  
0.059690 	 0.999995  
0.061261 	 0.999994  
0.062832 	 0.999994  
0.064403 	 0.999993  
0.065973 	 0.999993  
0.067544 	 0.999992  
0.069115 	 0.999992  
0.070686 	 0.999991  
0.072257 	 0.999991  
0.073827 	 0.999990  
0.075398 	 0.999990  
0.076969 	 0.999989  
0.078540 	 0.999989  
0.080111 	 0.999988  
0.081681 	 0.999987  
0.083252 	 0.999987  
0.084823 	 0.999986  
0.086394 	 0.999985  
0.087965 	 0.999985  
0.089535 	 0.999984  
0.091106 	 0.999983  
0.092677 	 0.999982  
0.094248 	 0.999981  
0.095819 	 0.999980  
0.097389 	 0.999979  
0.098960 	 0.999978  
0.100531 	 0.999977  
0.102102 	 0.999976  
0.103673 	 0.999975  
0.105243 	 0.999973  
0.106814 	 0.999972  
0.108385 	 0.999971  
0.109956 	 0.999969  
0.111527 	 0.999968  
0.113097 	 0.999967  
0.114668 	 0.999965  
0.116239 	 0.999963  
0.117810 	 0.999962  
0.119381 	 0.999960  
0.120951 	 0.999958  
0.122522 	 0.999956  
0.124093 	 0.999954  
0.125664 	 0.999952  
0.127235 	 0.999950  
0.128805 	 0.999947  
0.130376 	 0.999945  
0.131947 	 0.999942  
0.133518 	 0.999939  
0.135088 	 0.999936  
0.136659 	 0.999933  
0.138230 	 0.999930  
0.139801 	 0.999927  
0.141372 	 0.999923  
0.142942 	 0.999919  
0.144513 	 0.999915  
0.146084 	 0.999911  
0.147655 	 0.999907  
0.149226 	 0.999902  
0.150796 	 0.999897  
0.152367 	 0.999892  
0.153938 	 0.999886  
0.155509 	 0.999880  
0.157080 	 0.999873  
0.158650 	 0.999866  
0.160221 	 0.999859  
0.161792 	 0.999851  
0.163363 	 0.999843  
0.164934 	 0.999834  
0.166504 	 0.999824  
0.168075 	 0.999814  
0.169646 	 0.999803  
0.171217 	 0.999791  
0.172788 	 0.999778  
0.174358 	 0.999764  
0.175929 	 0.999748  
0.177500 	 0.999732  
0.179071 	 0.999714  
0.180642 	 0.999694  
0.182212 	 0.999672  
0.183783 	 0.999649  
0.185354 	 0.999623  
0.186925 	 0.999594  
0.188496 	 0.999563  
0.190066 	 0.999528  
0.191637 	 0.999488  
0.193208 	 0.999445  
0.194779 	 0.999396  
0.196350 	 0.999341  
0.197920 	 0.999279  
0.199491 	 0.999208  
0.201062 	 0.999126  
0.202633 	 0.999033  
0.204204 	 0.998925  
0.205774 	 0.998800  
0.207345 	 0.998652  
0.208916 	 0.998476  
0.210487 	 0.998266  
0.212058 	 0.998013  
0.213628 	 0.997702  
0.215199 	 0.997315  
0.216770 	 0.996827  
0.218341 	 0.996198  
0.219911 	 0.995371  
0.221482 	 0.994251  
0.223053 	 0.992688  
0.224624 	 0.990411  
0.226195 	 0.986922  
0.227765 	 0.981195  
0.229336 	 0.970868  
0.230907 	 0.949541  
0.232478 	 0.895343  
0.234049 	 0.707146  
0.235619 	 0.003229  
0.237190 	 0.707060  
0.238761 	 0.893523  
0.240332 	 0.947838  
0.241903 	 0.969431  
0.243473 	 0.979980  
0.245044 	 0.985879  
0.246615 	 0.989501  
0.248186 	 0.991881  
0.249757 	 0.993529  
0.251327 	 0.994717  
0.252898 	 0.995601  
0.254469 	 0.996278  
0.256040 	 0.996807  
0.257611 	 0.997229  
0.259181 	 0.997571  
0.260752 	 0.997852  
0.262323 	 0.998085  
0.263894 	 0.998282  
0.265465 	 0.998449  
0.267035 	 0.998592  
0.268606 	 0.998716  
0.270177 	 0.998823  
0.271748 	 0.998918  
0.273319 	 0.999001  
0.274889 	 0.999074  
0.276460 	 0.999139  
0.278031 	 0.999198  
0.279602 	 0.999250  
0.281173 	 0.999297  
0.282743 	 0.999340  
0.284314 	 0.999379  
0.285885 	 0.999414  
0.287456 	 0.999446  
0.289027 	 0.999476  
0.290597 	 0.999503  
0.292168 	 0.999528  
0.293739 	 0.999551  
0.295310 	 0.999572  
0.296881 	 0.999592  
0.298451 	 0.999610  
0.300022 	 0.999627  
0.301593 	 0.999643  
0.303164 	 0.999658  
0.304734 	 0.999672  
0.306305 	 0.999685  
0.307876 	 0.999697  
0.309447 	 0.999709  
0.311018 	 0.999720  
0.312588 	 0.999730  
0.314159 	 0.999740  
0.315730 	 0.999748  
0.317301 	 0.999757  
0.318872 	 0.999765  
0.320442 	 0.999773  
0.322013 	 0.999780  
0.323584 	 0.999787  
0.325155 	 0.999794  
0.326726 	 0.999800  
0.328296 	 0.999806  
0.329867 	 0.999812  
0.331438 	 0.999817  
0.333009 	 0.999822  
0.334580 	 0.999827  
0.336150 	 0.999832  
0.337721 	 0.999836  
0.339292 	 0.999841  
0.340863 	 0.999845  
0.342434 	 0.999849  
0.344004 	 0.999853  
0.345575 	 0.999856  
0.347146 	 0.999860  
0.348717 	 0.999863  
0.350288 	 0.999867  
0.351858 	 0.999870  
0.353429 	 0.999873  
0.355000 	 0.999876  
0.356571 	 0.999878  
0.358142 	 0.999881  
0.359712 	 0.999884  
0.361283 	 0.999886  
0.362854 	 0.999889  
0.364425 	 0.999891  
0.365996 	 0.999893  
0.367566 	 0.999895  
0.369137 	 0.999898  
0.370708 	 0.999900  
0.372279 	 0.999902  
0.373850 	 0.999903  
0.375420 	 0.999906  
0.376991 	 0.999907  
0.378562 	 0.999909  
0.380133 	 0.999911  
0.381704 	 0.999912  
0.383274 	 0.999914  
0.384845 	 0.999915  
0.386416 	 0.999917  
0.387987 	 0.999918  
0.389557 	 0.999920  
0.391128 	 0.999921  
0.392699 	 0.999923  
0.394270 	 0.999924  
0.395841 	 0.999925  
0.397411 	 0.999926  
0.398982 	 0.999927  
0.400553 	 0.999929  
0.402124 	 0.999930  
0.403695 	 0.999931  
0.405265 	 0.999932  
0.406836 	 0.999933  
0.408407 	 0.999934  
0.409978 	 0.999935  
0.411549 	 0.999936  
0.413119 	 0.999937  
0.414690 	 0.999938  
0.416261 	 0.999939  
0.417832 	 0.999940  
0.419403 	 0.999941  
0.420973 	 0.999942  
0.422544 	 0.999942  
0.424115 	 0.999943  
0.425686 	 0.999944  
0.427257 	 0.999945  
0.428827 	 0.999946  
0.430398 	 0.999946  
0.431969 	 0.999947  
0.433540 	 0.999948  
0.435111 	 0.999949  
0.436681 	 0.999949  
0.438252 	 0.999950  
0.439823 	 0.999951  
0.441394 	 0.999951  
0.442965 	 0.999952  
0.444535 	 0.999952  
0.446106 	 0.999953  
0.447677 	 0.999954  
0.449248 	 0.999954  
0.450819 	 0.999955  
0.452389 	 0.999955  
0.453960 	 0.999956  
0.455531 	 0.999956  
0.457102 	 0.999957  
0.458673 	 0.999958  
0.460243 	 0.999958  
0.461814 	 0.999959  
0.463385 	 0.999959  
0.464956 	 0.999960  
0.466527 	 0.999960  
0.468097 	 0.999960  
0.469668 	 0.999961  
0.471239 	 0.999961  
0.472810 	 0.999962  
0.474380 	 0.999962  
0.475951 	 0.999962  
0.477522 	 0.999963  
0.479093 	 0.999963  
0.480664 	 0.999964  
0.482234 	 0.999964  
0.483805 	 0.999964  
0.485376 	 0.999965  
0.486947 	 0.999965  
0.488518 	 0.999966  
0.490088 	 0.999966  
0.491659 	 0.999966  
0.493230 	 0.999967  
0.494801 	 0.999967  
0.496372 	 0.999967  
0.497942 	 0.999968  
0.499513 	 0.999968  
0.501084 	 0.999968  
0.502655 	 0.999969  
0.504226 	 0.999969  
0.505796 	 0.999969  
0.507367 	 0.999970  
0.508938 	 0.999970  
0.510509 	 0.999970  
0.512080 	 0.999970  
0.513650 	 0.999971  
0.515221 	 0.999971  
0.516792 	 0.999971  
0.518363 	 0.999972  
0.519934 	 0.999972  
0.521504 	 0.999972  
0.523075 	 0.999972  
0.524646 	 0.999973  
0.526217 	 0.999973  
0.527788 	 0.999973  
0.529358 	 0.999973  
0.530929 	 0.999974  
0.532500 	 0.999974  
0.534071 	 0.999974  
0.535642 	 0.999974  
0.537212 	 0.999974  
0.538783 	 0.999975  
0.540354 	 0.999975  
0.541925 	 0.999975  
0.543496 	 0.999975  
0.545066 	 0.999976  
0.546637 	 0.999976  
0.548208 	 0.999976  
0.549779 	 0.999976  
0.551350 	 0.999976  
0.552920 	 0.999977  
0.554491 	 0.999977  
0.556062 	 0.999977  
0.557633 	 0.999977  
0.559203 	 0.999977  
0.560774 	 0.999978  
0.562345 	 0.999978  
0.563916 	 0.999978  
0.565487 	 0.999978  
0.567057 	 0.999978  
0.568628 	 0.999978  
0.570199 	 0.999979  
0.571770 	 0.999979  
0.573341 	 0.999979  
0.574911 	 0.999979  
0.576482 	 0.999979  
0.578053 	 0.999980  
0.579624 	 0.999980  
0.581195 	 0.999980  
0.582765 	 0.999980  
0.584336 	 0.999980  
0.585907 	 0.999980  
0.587478 	 0.999981  
0.589049 	 0.999981  
0.590619 	 0.999981  
0.592190 	 0.999981  
0.593761 	 0.999981  
0.595332 	 0.999981  
0.596903 	 0.999981  
0.598473 	 0.999981  
0.600044 	 0.999982  
0.601615 	 0.999982  
0.603186 	 0.999982  
0.604757 	 0.999982  
0.606327 	 0.999982  
0.607898 	 0.999982  
0.609469 	 0.999982  
0.611040 	 0.999983  
0.612611 	 0.999983  
0.614181 	 0.999983  
0.615752 	 0.999983  
0.617323 	 0.999983  
0.618894 	 0.999983  
0.620465 	 0.999983  
0.622035 	 0.999983  
0.623606 	 0.999984  
0.625177 	 0.999984  
0.626748 	 0.999984  
0.628319 	 0.999984  
0.629889 	 0.999984  
0.631460 	 0.999984  
0.633031 	 0.999984  
0.634602 	 0.999984  
0.636173 	 0.999985  
0.637743 	 0.999985  
0.639314 	 0.999985  
0.640885 	 0.999985  
0.642456 	 0.999985  
0.644026 	 0.999985  
0.645597 	 0.999985  
0.647168 	 0.999985  
0.648739 	 0.999985  
0.650310 	 0.999985  
0.651880 	 0.999985  
0.653451 	 0.999986  
0.655022 	 0.999986  
0.656593 	 0.999986  
0.658164 	 0.999986  
0.659734 	 0.999986  
0.661305 	 0.999986  
0.662876 	 0.999986  
0.664447 	 0.999986  
0.666018 	 0.999986  
0.667588 	 0.999986  
0.669159 	 0.999986  
0.670730 	 0.999987  
0.672301 	 0.999987  
0.673872 	 0.999987  
0.675442 	 0.999987  
0.677013 	 0.999987  
0.678584 	 0.999987  
0.680155 	 0.999987  
0.681726 	 0.999987  
0.683296 	 0.999987  
0.684867 	 0.999987  
0.686438 	 0.999987  
0.688009 	 0.999988  
0.689580 	 0.999987  
0.691150 	 0.999988  
0.692721 	 0.999988  
0.694292 	 0.999988  
0.695863 	 0.999988  
0.697434 	 0.999988  
0.699004 	 0.999988  
0.700575 	 0.999988  
0.702146 	 0.999988  
0.703717 	 0.999988  
0.705288 	 0.999988  
0.706858 	 0.999988  
0.708429 	 0.999988  
0.710000 	 0.999988  
0.711571 	 0.999988  
0.713142 	 0.999989  
0.714712 	 0.999989  
0.716283 	 0.999989  
0.717854 	 0.999989  
0.719425 	 0.999989  
0.720996 	 0.999989  
0.722566 	 0.999989  
0.724137 	 0.999989  
0.725708 	 0.999989  
0.727279 	 0.999989  
0.728849 	 0.999989  
0.730420 	 0.999989  
0.731991 	 0.999989  
0.733562 	 0.999989  
0.735133 	 0.999990  
0.736703 	 0.999990  
0.738274 	 0.999990  
0.739845 	 0.999990  
0.741416 	 0.999990  
0.742987 	 0.999990  
0.744557 	 0.999990  
0.746128 	 0.999990  
0.747699 	 0.999990  
0.749270 	 0.999990  
0.750841 	 0.999990  
0.752411 	 0.999990  
0.753982 	 0.999990  
0.755553 	 0.999990  
0.757124 	 0.999990  
0.758695 	 0.999990  
0.760265 	 0.999990  
0.761836 	 0.999990  
0.763407 	 0.999990  
0.764978 	 0.999990  
0.766549 	 0.999991  
0.768119 	 0.999991  
0.769690 	 0.999991  
0.771261 	 0.999991  
0.772832 	 0.999991  
0.774403 	 0.999991  
0.775973 	 0.999991  
0.777544 	 0.999991  
0.779115 	 0.999991  
0.780686 	 0.999991  
0.782257 	 0.999991  
0.783827 	 0.999991  
0.785398 	 0.999991  
0.786969 	 0.999991  
0.788540 	 0.999991  
0.790111 	 0.999991  
0.791681 	 0.999991  
0.793252 	 0.999991  
0.794823 	 0.999991  
0.796394 	 0.999992  
0.797965 	 0.999991  
0.799535 	 0.999991  
0.801106 	 0.999991  
0.802677 	 0.999992  
0.804248 	 0.999992  
0.805819 	 0.999992  
0.807389 	 0.999992  
0.808960 	 0.999992  
0.810531 	 0.999992  
0.812102 	 0.999992  
0.813672 	 0.999992  
0.815243 	 0.999992  
0.816814 	 0.999992  
0.818385 	 0.999992  
0.819956 	 0.999992  
0.821526 	 0.999992  
0.823097 	 0.999992  
0.824668 	 0.999992  
0.826239 	 0.999992  
0.827810 	 0.999992  
0.829380 	 0.999992  
0.830951 	 0.999992  
0.832522 	 0.999992  
0.834093 	 0.999992  
0.835664 	 0.999992  
0.837234 	 0.999992  
0.838805 	 0.999992  
0.840376 	 0.999993  
0.841947 	 0.999993  
0.843518 	 0.999993  
0.845088 	 0.999993  
0.846659 	 0.999993  
0.848230 	 0.999993  
0.849801 	 0.999993  
0.851372 	 0.999993  
0.852942 	 0.999993  
0.854513 	 0.999993  
0.856084 	 0.999993  
0.857655 	 0.999993  
0.859226 	 0.999993  
0.860796 	 0.999993  
0.862367 	 0.999993  
0.863938 	 0.999993  
0.865509 	 0.999993  
0.867080 	 0.999993  
0.868650 	 0.999993  
0.870221 	 0.999993  
0.871792 	 0.999993  
0.873363 	 0.999993  
0.874934 	 0.999993  
0.876504 	 0.999993  
0.878075 	 0.999993  
0.879646 	 0.999993  
0.881217 	 0.999993  
0.882788 	 0.999993  
0.884358 	 0.999994  
0.885929 	 0.999994  
0.887500 	 0.999994  
0.889071 	 0.999994  
0.890642 	 0.999994  
0.892212 	 0.999994  
0.893783 	 0.999994  
0.895354 	 0.999994  
0.896925 	 0.999994  
0.898495 	 0.999994  
0.900066 	 0.999994  
0.901637 	 0.999994  
0.903208 	 0.999994  
0.904779 	 0.999994  
0.906349 	 0.999994  
0.907920 	 0.999994  
0.909491 	 0.999994  
0.911062 	 0.999994  
0.912633 	 0.999994  
0.914203 	 0.999994  
0.915774 	 0.999994  
0.917345 	 0.999994  
0.918916 	 0.999994  
0.920487 	 0.999994  
0.922057 	 0.999994  
0.923628 	 0.999994  
0.925199 	 0.999994  
0.926770 	 0.999994  
0.928341 	 0.999994  
0.929911 	 0.999994  
0.931482 	 0.999994  
0.933053 	 0.999994  
0.934624 	 0.999994  
0.936195 	 0.999994  
0.937765 	 0.999994  
0.939336 	 0.999994  
0.940907 	 0.999994  
0.942478 	 0.999995  
0.944049 	 0.999994  
0.945619 	 0.999995  
0.947190 	 0.999994  
0.948761 	 0.999995  
0.950332 	 0.999994  
0.951903 	 0.999995  
0.953473 	 0.999995  
0.955044 	 0.999995  
0.956615 	 0.999995  
0.958186 	 0.999995  
0.959757 	 0.999995  
0.961327 	 0.999995  
0.962898 	 0.999995  
0.964469 	 0.999995  
0.966040 	 0.999995  
0.967611 	 0.999995  
0.969181 	 0.999995  
0.970752 	 0.999995  
0.972323 	 0.999995  
0.973894 	 0.999995  
0.975465 	 0.999995  
0.977035 	 0.999995  
0.978606 	 0.999995  
0.980177 	 0.999995  
0.981748 	 0.999995  
0.983319 	 0.999995  
0.984889 	 0.999995  
0.986460 	 0.999995  
0.988031 	 0.999995  
0.989602 	 0.999995  
0.991172 	 0.999995  
0.992743 	 0.999995  
0.994314 	 0.999995  
0.995885 	 0.999995  
0.997456 	 0.999995  
0.999026 	 0.999995  
1.000597 	 0.999995  
1.002168 	 0.999995  
1.003739 	 0.999995  
1.005310 	 0.999995  
1.006880 	 0.999995  
1.008451 	 0.999995  
1.010022 	 0.999995  
1.011593 	 0.999995  
1.013164 	 0.999995  
1.014734 	 0.999995  
1.016305 	 0.999995  
1.017876 	 0.999996  
1.019447 	 0.999995  
1.021018 	 0.999996  
1.022588 	 0.999996  
1.024159 	 0.999996  
1.025730 	 0.999995  
1.027301 	 0.999996  
1.028872 	 0.999996  
1.030442 	 0.999996  
1.032013 	 0.999996  
1.033584 	 0.999996  
1.035155 	 0.999996  
1.036726 	 0.999996  
1.038296 	 0.999996  
1.039867 	 0.999996  
1.041438 	 0.999996  
1.043009 	 0.999996  
1.044580 	 0.999996  
1.046150 	 0.999996  
1.047721 	 0.999996  
1.049292 	 0.999996  
1.050863 	 0.999996  
1.052434 	 0.999996  
1.054004 	 0.999996  
1.055575 	 0.999996  
1.057146 	 0.999996  
1.058717 	 0.999996  
1.060288 	 0.999996  
1.061858 	 0.999996  
1.063429 	 0.999996  
1.065000 	 0.999996  
1.066571 	 0.999996  
1.068142 	 0.999996  
1.069712 	 0.999996  
1.071283 	 0.999996  
1.072854 	 0.999996  
1.074425 	 0.999996  
1.075995 	 0.999996  
1.077566 	 0.999996  
1.079137 	 0.999996  
1.080708 	 0.999996  
1.082279 	 0.999996  
1.083849 	 0.999996  
1.085420 	 0.999996  
1.086991 	 0.999996  
1.088562 	 0.999996  
1.090133 	 0.999996  
1.091703 	 0.999996  
1.093274 	 0.999996  
1.094845 	 0.999996  
1.096416 	 0.999996  
1.097987 	 0.999996  
1.099557 	 0.999996  
1.101128 	 0.999996  
1.102699 	 0.999996  
1.104270 	 0.999996  
1.105841 	 0.999996  
1.107411 	 0.999996  
1.108982 	 0.999996  
1.110553 	 0.999996  
1.112124 	 0.999996  
1.113695 	 0.999996  
1.115265 	 0.999997  
1.116836 	 0.999996  
1.118407 	 0.999996  
1.119978 	 0.999996  
1.121549 	 0.999997  
1.123119 	 0.999997  
1.124690 	 0.999996  
1.126261 	 0.999996  
1.127832 	 0.999997  
1.129403 	 0.999997  
1.130973 	 0.999997  
1.132544 	 0.999997  
1.134115 	 0.999997  
1.135686 	 0.999997  
1.137257 	 0.999997  
1.138827 	 0.999997  
1.140398 	 0.999997  
1.141969 	 0.999997  
1.143540 	 0.999997  
1.145111 	 0.999997  
1.146681 	 0.999997  
1.148252 	 0.999997  
1.149823 	 0.999997  
1.151394 	 0.999997  
1.152965 	 0.999997  
1.154535 	 0.999997  
1.156106 	 0.999997  
1.157677 	 0.999997  
1.159248 	 0.999997  
1.160818 	 0.999997  
1.162389 	 0.999997  
1.163960 	 0.999997  
1.165531 	 0.999997  
1.167102 	 0.999997  
1.168672 	 0.999997  
1.170243 	 0.999997  
1.171814 	 0.999997  
1.173385 	 0.999997  
1.174956 	 0.999997  
1.176526 	 0.999997  
1.178097 	 0.999997  
1.179668 	 0.999997  
1.181239 	 0.999997  
1.182810 	 0.999997  
1.184380 	 0.999997  
1.185951 	 0.999997  
1.187522 	 0.999997  
1.189093 	 0.999997  
1.190664 	 0.999997  
1.192234 	 0.999997  
1.193805 	 0.999997  
1.195376 	 0.999997  
1.196947 	 0.999997  
1.198518 	 0.999997  
1.200088 	 0.999997  
1.201659 	 0.999997  
1.203230 	 0.999997  
1.204801 	 0.999997  
1.206372 	 0.999997  
1.207942 	 0.999997  
1.209513 	 0.999997  
1.211084 	 0.999997  
1.212655 	 0.999997  
1.214226 	 0.999997  
1.215796 	 0.999997  
1.217367 	 0.999997  
1.218938 	 0.999997  
1.220509 	 0.999997  
1.222080 	 0.999997  
1.223650 	 0.999997  
1.225221 	 0.999997  
1.226792 	 0.999997  
1.228363 	 0.999997  
1.229934 	 0.999997  
1.231504 	 0.999997  
1.233075 	 0.999997  
1.234646 	 0.999997  
1.236217 	 0.999997  
1.237788 	 0.999997  
1.239358 	 0.999997  
1.240929 	 0.999997  
1.242500 	 0.999997  
1.244071 	 0.999997  
1.245641 	 0.999997  
1.247212 	 0.999997  
1.248783 	 0.999997  
1.250354 	 0.999997  
1.251925 	 0.999997  
1.253495 	 0.999997  
1.255066 	 0.999997  
1.256637 	 0.999997  
1.258208 	 0.999997  
1.259779 	 0.999997  
1.261349 	 0.999997  
1.262920 	 0.999997  
1.264491 	 0.999997  
1.266062 	 0.999997  
1.267633 	 0.999997  
1.269203 	 0.999997  
1.270774 	 0.999998  
1.272345 	 0.999998  
1.273916 	 0.999998  
1.275487 	 0.999998  
1.277057 	 0.999998  
1.278628 	 0.999998  
1.280199 	 0.999998  
1.281770 	 0.999998  
1.283341 	 0.999998  
1.284911 	 0.999998  
1.286482 	 0.999998  
1.288053 	 0.999998  
1.289624 	 0.999998  
1.291195 	 0.999997  
1.292765 	 0.999998  
1.294336 	 0.999998  
1.295907 	 0.999998  
1.297478 	 0.999998  
1.299049 	 0.999998  
1.300619 	 0.999997  
1.302190 	 0.999998  
1.303761 	 0.999998  
1.305332 	 0.999998  
1.306903 	 0.999998  
1.308473 	 0.999998  
1.310044 	 0.999998  
1.311615 	 0.999998  
1.313186 	 0.999998  
1.314757 	 0.999998  
1.316327 	 0.999998  
1.317898 	 0.999998  
1.319469 	 0.999998  
1.321040 	 0.999998  
1.322611 	 0.999998  
1.324181 	 0.999998  
1.325752 	 0.999998  
1.327323 	 0.999998  
1.328894 	 0.999998  
1.330464 	 0.999998  
1.332035 	 0.999998  
1.333606 	 0.999998  
1.335177 	 0.999998  
1.336748 	 0.999998  
1.338318 	 0.999998  
1.339889 	 0.999998  
1.341460 	 0.999998  
1.343031 	 0.999998  
1.344602 	 0.999998  
1.346172 	 0.999998  
1.347743 	 0.999998  
1.349314 	 0.999998  
1.350885 	 0.999998  
1.352456 	 0.999998  
1.354026 	 0.999998  
1.355597 	 0.999998  
1.357168 	 0.999998  
1.358739 	 0.999998  
1.360310 	 0.999998  
1.361880 	 0.999998  
1.363451 	 0.999998  
1.365022 	 0.999998  
1.366593 	 0.999998  
1.368164 	 0.999998  
1.369734 	 0.999998  
1.371305 	 0.999998  
1.372876 	 0.999998  
1.374447 	 0.999998  
1.376018 	 0.999998  
1.377588 	 0.999998  
1.379159 	 0.999998  
1.380730 	 0.999998  
1.382301 	 0.999998  
1.383872 	 0.999998  
1.385442 	 0.999998  
1.387013 	 0.999998  
1.388584 	 0.999998  
1.390155 	 0.999998  
1.391726 	 0.999998  
1.393296 	 0.999998  
1.394867 	 0.999998  
1.396438 	 0.999998  
1.398009 	 0.999998  
1.399580 	 0.999998  
1.401150 	 0.999998  
1.402721 	 0.999998  
1.404292 	 0.999998  
1.405863 	 0.999998  
1.407434 	 0.999998  
1.409004 	 0.999998  
1.410575 	 0.999998  
1.412146 	 0.999998  
1.413717 	 0.999998  
1.415287 	 0.999998  
1.416858 	 0.999998  
1.418429 	 0.999998  
1.420000 	 0.999998  
1.421571 	 0.999998  
1.423141 	 0.999998  
1.424712 	 0.999998  
1.426283 	 0.999998  
1.427854 	 0.999998  
1.429425 	 0.999998  
1.430995 	 0.999998  
1.432566 	 0.999998  
1.434137 	 0.999998  
1.435708 	 0.999998  
1.437279 	 0.999998  
1.438849 	 0.999998  
1.440420 	 0.999998  
1.441991 	 0.999998  
1.443562 	 0.999998  
1.445133 	 0.999998  
1.446703 	 0.999998  
1.448274 	 0.999998  
1.449845 	 0.999998  
1.451416 	 0.999998  
1.452987 	 0.999998  
1.454557 	 0.999998  
1.456128 	 0.999998  
1.457699 	 0.999998  
1.459270 	 0.999998  
1.460841 	 0.999998  
1.462411 	 0.999998  
1.463982 	 0.999998  
1.465553 	 0.999998  
1.467124 	 0.999998  
1.468695 	 0.999998  
1.470265 	 0.999998  
1.471836 	 0.999998  
1.473407 	 0.999998  
1.474978 	 0.999998  
1.476549 	 0.999998  
1.478119 	 0.999998  
1.479690 	 0.999998  
1.481261 	 0.999998  
1.482832 	 0.999998  
1.484403 	 0.999998  
1.485973 	 0.999998  
1.487544 	 0.999998  
1.489115 	 0.999998  
1.490686 	 0.999998  
1.492257 	 0.999998  
1.493827 	 0.999999  
1.495398 	 0.999998  
1.496969 	 0.999998  
1.498540 	 0.999998  
1.500110 	 0.999998  
1.501681 	 0.999999  
1.503252 	 0.999999  
1.504823 	 0.999999  
1.506394 	 0.999999  
1.507964 	 0.999999  
1.509535 	 0.999999  
1.511106 	 0.999999  
1.512677 	 0.999998  
1.514248 	 0.999999  
1.515818 	 0.999999  
1.517389 	 0.999998  
1.518960 	 0.999999  
1.520531 	 0.999998  
1.522102 	 0.999999  
1.523672 	 0.999999  
1.525243 	 0.999999  
1.526814 	 0.999999  
1.528385 	 0.999999  
1.529956 	 0.999999  
1.531526 	 0.999999  
1.533097 	 0.999999  
1.534668 	 0.999999  
1.536239 	 0.999999  
1.537810 	 0.999999  
1.539380 	 0.999999  
1.540951 	 0.999999  
1.542522 	 0.999999  
1.544093 	 0.999999  
1.545664 	 0.999999  
1.547234 	 0.999999  
1.548805 	 0.999999  
1.550376 	 0.999999  
1.551947 	 0.999999  
1.553518 	 0.999999  
1.555088 	 0.999999  
1.556659 	 0.999999  
1.558230 	 0.999999  
1.559801 	 0.999999  
1.561372 	 0.999999  
1.562942 	 0.999999  
1.564513 	 0.999999  
1.566084 	 0.999999  
1.567655 	 0.999999  
1.569226 	 0.999999  
1.570796 	 0.999999  
1.572367 	 0.999999  
1.573938 	 0.999999  
1.575509 	 0.999999  
1.577080 	 0.999999  
1.578650 	 0.999999  
1.580221 	 0.999999  
1.581792 	 0.999999  
1.583363 	 0.999999  
1.584933 	 0.999999  
1.586504 	 0.999999  
1.588075 	 0.999999  
1.589646 	 0.999999  
1.591217 	 0.999999  
1.592787 	 0.999999  
1.594358 	 0.999999  
1.595929 	 0.999999  
1.597500 	 0.999999  
1.599071 	 0.999999  
1.600641 	 0.999999  
1.602212 	 0.999999  
1.603783 	 0.999999  
1.605354 	 0.999999  
1.606925 	 0.999999  
1.608495 	 0.999999  
1.610066 	 0.999999  
1.611637 	 0.999999  
1.613208 	 0.999999  
1.614779 	 0.999999  
1.616349 	 0.999999  
1.617920 	 0.999999  
1.619491 	 0.999999  
1.621062 	 0.999999  
1.622633 	 0.999999  
1.624203 	 0.999999  
1.625774 	 0.999999  
1.627345 	 0.999999  
1.628916 	 0.999999  
1.630487 	 0.999999  
1.632057 	 0.999999  
1.633628 	 0.999999  
1.635199 	 0.999999  
1.636770 	 0.999999  
1.638341 	 0.999999  
1.639911 	 0.999999  
1.641482 	 0.999999  
1.643053 	 0.999999  
1.644624 	 0.999999  
1.646195 	 0.999999  
1.647765 	 0.999999  
1.649336 	 0.999999  
1.650907 	 0.999999  
1.652478 	 0.999999  
1.654049 	 0.999999  
1.655619 	 0.999999  
1.657190 	 0.999999  
1.658761 	 0.999999  
1.660332 	 0.999999  
1.661903 	 0.999999  
1.663473 	 0.999999  
1.665044 	 0.999999  
1.666615 	 0.999999  
1.668186 	 0.999999  
1.669756 	 0.999999  
1.671327 	 0.999999  
1.672898 	 0.999999  
1.674469 	 0.999999  
1.676040 	 0.999999  
1.677610 	 0.999999  
1.679181 	 0.999999  
1.680752 	 0.999999  
1.682323 	 0.999999  
1.683894 	 0.999999  
1.685464 	 0.999999  
1.687035 	 0.999999  
1.688606 	 0.999999  
1.690177 	 0.999999  
1.691748 	 0.999999  
1.693318 	 0.999999  
1.694889 	 0.999999  
1.696460 	 0.999999  
1.698031 	 0.999999  
1.699602 	 0.999999  
1.701172 	 0.999999  
1.702743 	 0.999999  
1.704314 	 0.999999  
1.705885 	 0.999999  
1.707456 	 0.999999  
1.709026 	 0.999999  
1.710597 	 0.999999  
1.712168 	 0.999999  
1.713739 	 0.999999  
1.715310 	 0.999999  
1.716880 	 0.999999  
1.718451 	 0.999999  
1.720022 	 0.999999  
1.721593 	 0.999999  
1.723164 	 0.999999  
1.724734 	 0.999999  
1.726305 	 0.999999  
1.727876 	 0.999999  
1.729447 	 0.999999  
1.731018 	 0.999999  
1.732588 	 0.999999  
1.734159 	 0.999999  
1.735730 	 0.999999  
1.737301 	 0.999999  
1.738872 	 0.999999  
1.740442 	 0.999999  
1.742013 	 0.999999  
1.743584 	 0.999999  
1.745155 	 0.999999  
1.746726 	 0.999999  
1.748296 	 0.999999  
1.749867 	 0.999999  
1.751438 	 0.999999  
1.753009 	 0.999999  
1.754579 	 0.999999  
1.756150 	 0.999999  
1.757721 	 0.999999  
1.759292 	 0.999999  
1.760863 	 0.999999  
1.762433 	 0.999999  
1.764004 	 0.999999  
1.765575 	 0.999999  
1.767146 	 0.999999  
1.768717 	 0.999999  
1.770287 	 0.999999  
1.771858 	 0.999999  
1.773429 	 0.999999  
1.775000 	 0.999999  
1.776571 	 0.999999  
1.778141 	 0.999999  
1.779712 	 0.999999  
1.781283 	 0.999999  
1.782854 	 0.999999  
1.784425 	 0.999999  
1.785995 	 0.999999  
1.787566 	 0.999999  
1.789137 	 0.999999  
1.790708 	 0.999999  
1.792279 	 0.999999  
1.793849 	 0.999999  
1.795420 	 0.999999  
1.796991 	 0.999999  
1.798562 	 0.999999  
1.800133 	 0.999999  
1.801703 	 0.999999  
1.803274 	 0.999999  
1.804845 	 0.999999  
1.806416 	 0.999999  
1.807987 	 0.999999  
1.809557 	 0.999999  
1.811128 	 0.999999  
1.812699 	 0.999999  
1.814270 	 0.999999  
1.815841 	 0.999999  
1.817411 	 0.999999  
1.818982 	 0.999999  
1.820553 	 0.999999  
1.822124 	 0.999999  
1.823695 	 0.999999  
1.825265 	 0.999999  
1.826836 	 0.999999  
1.828407 	 0.999999  
1.829978 	 0.999999  
1.831549 	 0.999999  
1.833119 	 0.999999  
1.834690 	 0.999999  
1.836261 	 0.999999  
1.837832 	 0.999999  
1.839402 	 0.999999  
1.840973 	 0.999999  
1.842544 	 0.999999  
1.844115 	 0.999999  
1.845686 	 0.999999  
1.847256 	 0.999999  
1.848827 	 0.999999  
1.850398 	 0.999999  
1.851969 	 0.999999  
1.853540 	 0.999999  
1.855110 	 0.999999  
1.856681 	 0.999999  
1.858252 	 0.999999  
1.859823 	 0.999999  
1.861394 	 0.999999  
1.862964 	 0.999999  
1.864535 	 0.999999  
1.866106 	 0.999999  
1.867677 	 0.999999  
1.869248 	 0.999999  
1.870818 	 0.999999  
1.872389 	 0.999999  
1.873960 	 0.999999  
1.875531 	 0.999999  
1.877102 	 0.999999  
1.878672 	 0.999999  
1.880243 	 0.999999  
1.881814 	 0.999999  
1.883385 	 0.999999  
1.884956 	 0.999999  
1.886526 	 0.999999  
1.888097 	 0.999999  
1.889668 	 0.999999  
1.891239 	 0.999999  
1.892810 	 0.999999  
1.894380 	 0.999999  
1.895951 	 0.999999  
1.897522 	 0.999999  
1.899093 	 0.999999  
1.900664 	 0.999999  
1.902234 	 0.999999  
1.903805 	 0.999999  
1.905376 	 1.000000  
1.906947 	 0.999999  
1.908518 	 0.999999  
1.910088 	 0.999999  
1.911659 	 0.999999  
1.913230 	 0.999999  
1.914801 	 0.999999  
1.916372 	 0.999999  
1.917942 	 0.999999  
1.919513 	 0.999999  
1.921084 	 0.999999  
1.922655 	 0.999999  
1.924226 	 0.999999  
1.925796 	 0.999999  
1.927367 	 0.999999  
1.928938 	 0.999999  
1.930509 	 0.999999  
1.932079 	 0.999999  
1.933650 	 0.999999  
1.935221 	 1.000000  
1.936792 	 0.999999  
1.938363 	 0.999999  
1.939933 	 0.999999  
1.941504 	 0.999999  
1.943075 	 0.999999  
1.944646 	 0.999999  
1.946217 	 0.999999  
1.947787 	 0.999999  
1.949358 	 0.999999  
1.950929 	 0.999999  
1.952500 	 0.999999  
1.954071 	 0.999999  
1.955641 	 0.999999  
1.957212 	 1.000000  
1.958783 	 0.999999  
1.960354 	 0.999999  
1.961925 	 0.999999  
1.963495 	 0.999999  
1.965066 	 1.000000  
1.966637 	 0.999999  
1.968208 	 0.999999  
1.969779 	 0.999999  
1.971349 	 0.999999  
1.972920 	 1.000000  
1.974491 	 0.999999  
1.976062 	 0.999999  
1.977633 	 0.999999  
1.979203 	 0.999999  
1.980774 	 0.999999  
1.982345 	 1.000000  
1.983916 	 1.000000  
1.985487 	 0.999999  
1.987057 	 0.999999  
1.988628 	 1.000000  
1.990199 	 1.000000  
1.991770 	 1.000000  
1.993341 	 0.999999  
1.994911 	 0.999999  
1.996482 	 0.999999  
1.998053 	 0.999999  
1.999624 	 0.999999  
2.001195 	 0.999999  
2.002765 	 0.999999  
2.004336 	 1.000000  
2.005907 	 0.999999  
2.007478 	 1.000000  
2.009049 	 0.999999  
2.010619 	 0.999999  
2.012190 	 1.000000  
2.013761 	 0.999999  
2.015332 	 0.999999  
2.016902 	 1.000000  
2.018473 	 1.000000  
2.020044 	 0.999999  
2.021615 	 1.000000  
2.023186 	 1.000000  
2.024756 	 0.999999  
2.026327 	 0.999999  
2.027898 	 0.999999  
2.029469 	 0.999999  
2.031040 	 1.000000  
2.032610 	 1.000000  
2.034181 	 0.999999  
2.035752 	 0.999999  
2.037323 	 1.000000  
2.038894 	 1.000000  
2.040464 	 1.000000  
2.042035 	 0.999999  
2.043606 	 1.000000  
2.045177 	 1.000000  
2.046748 	 1.000000  
2.048318 	 1.000000  
2.049889 	 1.000000  
2.051460 	 1.000000  
2.053031 	 0.999999  
2.054602 	 1.000000  
2.056172 	 1.000000  
2.057743 	 1.000000  
2.059314 	 0.999999  
2.060885 	 1.000000  
2.062456 	 1.000000  
2.064026 	 1.000000  
2.065597 	 1.000000  
2.067168 	 1.000000  
2.068739 	 1.000000  
2.070310 	 1.000000  
2.071880 	 1.000000  
2.073451 	 1.000000  
2.075022 	 1.000000  
2.076593 	 1.000000  
2.078164 	 1.000000  
2.079734 	 1.000000  
2.081305 	 1.000000  
2.082876 	 1.000000  
2.084447 	 1.000000  
2.086018 	 1.000000  
2.087588 	 1.000000  
2.089159 	 1.000000  
2.090730 	 1.000000  
2.092301 	 1.000000  
2.093872 	 1.000000  
2.095442 	 1.000000  
2.097013 	 1.000000  
2.098584 	 1.000000  
2.100155 	 1.000000  
2.101725 	 1.000000  
2.103296 	 0.999999  
2.104867 	 1.000000  
2.106438 	 1.000000  
2.108009 	 1.000000  
2.109579 	 1.000000  
2.111150 	 1.000000  
2.112721 	 1.000000  
2.114292 	 1.000000  
2.115863 	 1.000000  
2.117433 	 1.000000  
2.119004 	 1.000000  
2.120575 	 1.000000  
2.122146 	 1.000000  
2.123717 	 1.000000  
2.125287 	 1.000000  
2.126858 	 1.000000  
2.128429 	 1.000000  
2.130000 	 1.000000  
2.131571 	 1.000000  
2.133141 	 1.000000  
2.134712 	 1.000000  
2.136283 	 1.000000  
2.137854 	 1.000000  
2.139425 	 1.000000  
2.140995 	 1.000000  
2.142566 	 1.000000  
2.144137 	 1.000000  
2.145708 	 1.000000  
2.147279 	 1.000000  
2.148849 	 1.000000  
2.150420 	 1.000000  
2.151991 	 1.000000  
2.153562 	 1.000000  
2.155133 	 1.000000  
2.156703 	 1.000000  
2.158274 	 1.000000  
2.159845 	 1.000000  
2.161416 	 1.000000  
2.162987 	 1.000000  
2.164557 	 1.000000  
2.166128 	 1.000000  
2.167699 	 1.000000  
2.169270 	 1.000000  
2.170841 	 1.000000  
2.172411 	 1.000000  
2.173982 	 1.000000  
2.175553 	 1.000000  
2.177124 	 1.000000  
2.178695 	 1.000000  
2.180265 	 1.000000  
2.181836 	 1.000000  
2.183407 	 1.000000  
2.184978 	 1.000000  
2.186548 	 1.000000  
2.188119 	 1.000000  
2.189690 	 1.000000  
2.191261 	 1.000000  
2.192832 	 1.000000  
2.194402 	 1.000000  
2.195973 	 1.000000  
2.197544 	 1.000000  
2.199115 	 1.000000  
2.200686 	 1.000000  
2.202256 	 1.000000  
2.203827 	 1.000000  
2.205398 	 1.000000  
2.206969 	 1.000000  
2.208540 	 1.000000  
2.210110 	 1.000000  
2.211681 	 1.000000  
2.213252 	 1.000000  
2.214823 	 1.000000  
2.216394 	 1.000000  
2.217964 	 1.000000  
2.219535 	 1.000000  
2.221106 	 1.000000  
2.222677 	 1.000000  
2.224248 	 1.000000  
2.225818 	 1.000000  
2.227389 	 1.000000  
2.228960 	 1.000000  
2.230531 	 1.000000  
2.232102 	 1.000000  
2.233672 	 1.000000  
2.235243 	 1.000000  
2.236814 	 1.000000  
2.238385 	 1.000000  
2.239956 	 1.000000  
2.241526 	 1.000000  
2.243097 	 1.000000  
2.244668 	 1.000000  
2.246239 	 1.000000  
2.247810 	 1.000000  
2.249380 	 1.000000  
2.250951 	 1.000000  
2.252522 	 1.000000  
2.254093 	 1.000000  
2.255664 	 1.000000  
2.257234 	 1.000000  
2.258805 	 1.000000  
2.260376 	 1.000000  
2.261947 	 1.000000  
2.263518 	 1.000000  
2.265088 	 1.000000  
2.266659 	 1.000000  
2.268230 	 1.000000  
2.269801 	 1.000000  
2.271371 	 1.000000  
2.272942 	 1.000000  
2.274513 	 1.000000  
2.276084 	 1.000000  
2.277655 	 1.000000  
2.279225 	 1.000000  
2.280796 	 1.000000  
2.282367 	 1.000000  
2.283938 	 1.000000  
2.285509 	 1.000000  
2.287079 	 1.000000  
2.288650 	 1.000000  
2.290221 	 1.000000  
2.291792 	 1.000000  
2.293363 	 1.000000  
2.294933 	 1.000000  
2.296504 	 1.000000  
2.298075 	 1.000000  
2.299646 	 1.000000  
2.301217 	 1.000000  
2.302787 	 1.000000  
2.304358 	 1.000000  
2.305929 	 1.000000  
2.307500 	 1.000000  
2.309071 	 1.000000  
2.310641 	 1.000000  
2.312212 	 1.000000  
2.313783 	 1.000000  
2.315354 	 1.000000  
2.316925 	 1.000000  
2.318495 	 1.000000  
2.320066 	 1.000000  
2.321637 	 1.000000  
2.323208 	 1.000000  
2.324779 	 1.000000  
2.326349 	 1.000000  
2.327920 	 1.000000  
2.329491 	 1.000000  
2.331062 	 1.000000  
2.332633 	 1.000000  
2.334203 	 1.000000  
2.335774 	 1.000000  
2.337345 	 1.000000  
2.338916 	 1.000000  
2.340487 	 1.000000  
2.342057 	 1.000000  
2.343628 	 1.000000  
2.345199 	 1.000000  
2.346770 	 1.000000  
2.348341 	 1.000000  
2.349911 	 1.000000  
2.351482 	 1.000000  
2.353053 	 1.000000  
2.354624 	 1.000000  
2.356194 	 1.000000  
2.357765 	 1.000000  
2.359336 	 1.000000  
2.360907 	 1.000000  
2.362478 	 1.000000  
2.364048 	 1.000000  
2.365619 	 1.000000  
2.367190 	 1.000000  
2.368761 	 1.000000  
2.370332 	 1.000000  
2.371902 	 1.000000  
2.373473 	 1.000000  
2.375044 	 1.000000  
2.376615 	 1.000000  
2.378186 	 1.000000  
2.379756 	 1.000000  
2.381327 	 1.000000  
2.382898 	 1.000000  
2.384469 	 1.000000  
2.386040 	 1.000000  
2.387610 	 1.000000  
2.389181 	 1.000000  
2.390752 	 1.000000  
2.392323 	 1.000000  
2.393894 	 1.000000  
2.395464 	 1.000000  
2.397035 	 1.000000  
2.398606 	 1.000000  
2.400177 	 1.000000  
2.401748 	 1.000000  
2.403318 	 1.000000  
2.404889 	 1.000000  
2.406460 	 1.000000  
2.408031 	 1.000000  
2.409602 	 1.000000  
2.411172 	 1.000000  
2.412743 	 1.000000  
2.414314 	 1.000000  
2.415885 	 1.000000  
2.417456 	 1.000000  
2.419026 	 1.000000  
2.420597 	 1.000000  
2.422168 	 1.000000  
2.423739 	 1.000000  
2.425310 	 1.000000  
2.426880 	 1.000000  
2.428451 	 1.000000  
2.430022 	 1.000000  
2.431593 	 1.000000  
2.433164 	 1.000000  
2.434734 	 1.000000  
2.436305 	 1.000000  
2.437876 	 1.000000  
2.439447 	 1.000000  
2.441017 	 1.000000  
2.442588 	 1.000000  
2.444159 	 1.000000  
2.445730 	 1.000000  
2.447301 	 1.000000  
2.448871 	 1.000000  
2.450442 	 1.000000  
2.452013 	 1.000000  
2.453584 	 1.000000  
2.455155 	 1.000000  
2.456725 	 1.000000  
2.458296 	 1.000000  
2.459867 	 1.000000  
2.461438 	 1.000000  
2.463009 	 1.000000  
2.464579 	 1.000000  
2.466150 	 1.000000  
2.467721 	 1.000000  
2.469292 	 1.000000  
2.470863 	 1.000000  
2.472433 	 1.000000  
2.474004 	 1.000000  
2.475575 	 1.000000  
2.477146 	 1.000000  
2.478717 	 1.000000  
2.480287 	 1.000000  
2.481858 	 1.000000  
2.483429 	 1.000000  
2.485000 	 1.000000  
2.486571 	 1.000000  
2.488141 	 1.000000  
2.489712 	 1.000000  
2.491283 	 1.000000  
2.492854 	 1.000000  
2.494425 	 1.000000  
2.495995 	 1.000000  
2.497566 	 1.000000  
2.499137 	 1.000000  
2.500708 	 1.000000  
2.502279 	 1.000000  
2.503849 	 1.000000  
2.505420 	 1.000000  
2.506991 	 1.000000  
2.508562 	 1.000000  
2.510133 	 1.000000  
2.511703 	 1.000000  
2.513274 	 1.000000  
2.514845 	 1.000000  
2.516416 	 1.000000  
2.517987 	 1.000000  
2.519557 	 1.000000  
2.521128 	 1.000000  
2.522699 	 1.000000  
2.524270 	 1.000000  
2.525840 	 1.000000  
2.527411 	 1.000000  
2.528982 	 1.000000  
2.530553 	 1.000000  
2.532124 	 1.000000  
2.533694 	 1.000000  
2.535265 	 1.000000  
2.536836 	 1.000000  
2.538407 	 1.000000  
2.539978 	 1.000000  
2.541548 	 1.000000  
2.543119 	 1.000000  
2.544690 	 1.000000  
2.546261 	 1.000000  
2.547832 	 1.000000  
2.549402 	 1.000000  
2.550973 	 1.000000  
2.552544 	 1.000000  
2.554115 	 1.000000  
2.555686 	 1.000000  
2.557256 	 1.000000  
2.558827 	 1.000000  
2.560398 	 1.000000  
2.561969 	 1.000000  
2.563540 	 1.000000  
2.565110 	 1.000000  
2.566681 	 1.000000  
2.568252 	 1.000000  
2.569823 	 1.000000  
2.571394 	 1.000000  
2.572964 	 1.000000  
2.574535 	 1.000000  
2.576106 	 1.000000  
2.577677 	 1.000000  
2.579248 	 1.000000  
2.580818 	 1.000000  
2.582389 	 1.000000  
2.583960 	 1.000000  
2.585531 	 1.000000  
2.587102 	 1.000000  
2.588672 	 1.000000  
2.590243 	 1.000000  
2.591814 	 1.000000  
2.593385 	 1.000000  
2.594956 	 1.000000  
2.596526 	 1.000000  
2.598097 	 1.000000  
2.599668 	 1.000000  
2.601239 	 1.000000  
2.602810 	 1.000000  
2.604380 	 1.000000  
2.605951 	 1.000000  
2.607522 	 1.000000  
2.609093 	 1.000000  
2.610663 	 1.000000  
2.612234 	 1.000000  
2.613805 	 1.000000  
2.615376 	 1.000000  
2.616947 	 1.000000  
2.618517 	 1.000000  
2.620088 	 1.000000  
2.621659 	 1.000000  
2.623230 	 1.000000  
2.624801 	 1.000000  
2.626371 	 1.000000  
2.627942 	 1.000000  
2.629513 	 1.000000  
2.631084 	 1.000000  
2.632655 	 1.000000  
2.634225 	 1.000000  
2.635796 	 1.000000  
2.637367 	 1.000000  
2.638938 	 1.000000  
2.640509 	 1.000000  
2.642079 	 1.000000  
2.643650 	 1.000000  
2.645221 	 1.000000  
2.646792 	 1.000000  
2.648363 	 1.000000  
2.649933 	 1.000000  
2.651504 	 1.000000  
2.653075 	 1.000000  
2.654646 	 1.000000  
2.656217 	 1.000000  
2.657787 	 1.000000  
2.659358 	 1.000000  
2.660929 	 1.000000  
2.662500 	 1.000000  
2.664071 	 1.000000  
2.665641 	 1.000000  
2.667212 	 1.000000  
2.668783 	 1.000000  
2.670354 	 1.000000  
2.671925 	 1.000000  
2.673495 	 1.000000  
2.675066 	 1.000000  
2.676637 	 1.000000  
2.678208 	 1.000000  
2.679779 	 1.000000  
2.681349 	 1.000000  
2.682920 	 1.000000  
2.684491 	 1.000000  
2.686062 	 1.000000  
2.687633 	 1.000000  
2.689203 	 1.000000  
2.690774 	 1.000000  
2.692345 	 1.000000  
2.693916 	 1.000000  
2.695486 	 1.000000  
2.697057 	 1.000000  
2.698628 	 1.000000  
2.700199 	 1.000000  
2.701770 	 1.000000  
2.703340 	 1.000000  
2.704911 	 1.000000  
2.706482 	 1.000000  
2.708053 	 1.000000  
2.709624 	 1.000000  
2.711194 	 1.000000  
2.712765 	 1.000000  
2.714336 	 1.000000  
2.715907 	 1.000000  
2.717478 	 1.000000  
2.719048 	 1.000000  
2.720619 	 1.000000  
2.722190 	 1.000000  
2.723761 	 1.000000  
2.725332 	 1.000000  
2.726902 	 1.000000  
2.728473 	 1.000000  
2.730044 	 1.000000  
2.731615 	 1.000000  
2.733186 	 1.000000  
2.734756 	 1.000000  
2.736327 	 1.000000  
2.737898 	 1.000000  
2.739469 	 1.000000  
2.741040 	 1.000000  
2.742610 	 1.000000  
2.744181 	 1.000000  
2.745752 	 1.000000  
2.747323 	 1.000000  
2.748894 	 1.000000  
2.750464 	 1.000000  
2.752035 	 1.000000  
2.753606 	 1.000000  
2.755177 	 1.000000  
2.756748 	 1.000000  
2.758318 	 1.000000  
2.759889 	 1.000000  
2.761460 	 1.000000  
2.763031 	 1.000000  
2.764602 	 1.000000  
2.766172 	 1.000000  
2.767743 	 1.000000  
2.769314 	 1.000000  
2.770885 	 1.000000  
2.772456 	 1.000000  
2.774026 	 1.000000  
2.775597 	 1.000000  
2.777168 	 1.000000  
2.778739 	 1.000000  
2.780309 	 1.000000  
2.781880 	 1.000000  
2.783451 	 1.000000  
2.785022 	 1.000000  
2.786593 	 1.000000  
2.788163 	 1.000000  
2.789734 	 1.000000  
2.791305 	 1.000000  
2.792876 	 1.000000  
2.794447 	 1.000000  
2.796017 	 1.000000  
2.797588 	 1.000000  
2.799159 	 1.000000  
2.800730 	 1.000000  
2.802301 	 1.000000  
2.803871 	 1.000000  
2.805442 	 1.000000  
2.807013 	 1.000000  
2.808584 	 1.000000  
2.810155 	 1.000000  
2.811725 	 1.000000  
2.813296 	 1.000000  
2.814867 	 1.000000  
2.816438 	 1.000000  
2.818009 	 1.000000  
2.819579 	 1.000000  
2.821150 	 1.000000  
2.822721 	 1.000000  
2.824292 	 1.000000  
2.825863 	 1.000000  
2.827433 	 1.000000  
2.829004 	 1.000000  
2.830575 	 1.000000  
2.832146 	 1.000000  
2.833717 	 1.000000  
2.835287 	 1.000000  
2.836858 	 1.000000  
2.838429 	 1.000000  
2.840000 	 1.000000  
2.841571 	 1.000000  
2.843141 	 1.000000  
2.844712 	 1.000000  
2.846283 	 1.000000  
2.847854 	 1.000000  
2.849425 	 1.000000  
2.850995 	 1.000000  
2.852566 	 1.000000  
2.854137 	 1.000000  
2.855708 	 1.000000  
2.857279 	 1.000000  
2.858849 	 1.000000  
2.860420 	 1.000000  
2.861991 	 1.000000  
2.863562 	 1.000000  
2.865133 	 1.000000  
2.866703 	 1.000000  
2.868274 	 1.000000  
2.869845 	 1.000000  
2.871416 	 1.000000  
2.872986 	 1.000000  
2.874557 	 1.000000  
2.876128 	 1.000000  
2.877699 	 1.000000  
2.879270 	 1.000000  
2.880840 	 1.000000  
2.882411 	 1.000000  
2.883982 	 1.000000  
2.885553 	 1.000000  
2.887124 	 1.000000  
2.888694 	 1.000000  
2.890265 	 1.000000  
2.891836 	 1.000000  
2.893407 	 1.000000  
2.894978 	 1.000000  
2.896548 	 1.000000  
2.898119 	 1.000000  
2.899690 	 1.000000  
2.901261 	 1.000000  
2.902832 	 1.000000  
2.904402 	 1.000000  
2.905973 	 1.000000  
2.907544 	 1.000000  
2.909115 	 1.000000  
2.910686 	 1.000000  
2.912256 	 1.000000  
2.913827 	 1.000000  
2.915398 	 1.000000  
2.916969 	 1.000000  
2.918540 	 1.000000  
2.920110 	 1.000000  
2.921681 	 1.000000  
2.923252 	 1.000000  
2.924823 	 1.000000  
2.926394 	 1.000000  
2.927964 	 1.000000  
2.929535 	 1.000000  
2.931106 	 1.000000  
2.932677 	 1.000000  
2.934248 	 1.000000  
2.935818 	 1.000000  
2.937389 	 1.000000  
2.938960 	 1.000000  
2.940531 	 1.000000  
2.942102 	 1.000000  
2.943672 	 1.000000  
2.945243 	 1.000000  
2.946814 	 1.000000  
2.948385 	 1.000000  
2.949956 	 1.000000  
2.951526 	 1.000000  
2.953097 	 1.000000  
2.954668 	 1.000000  
2.956239 	 1.000000  
2.957809 	 1.000000  
2.959380 	 1.000000  
2.960951 	 1.000000  
2.962522 	 1.000000  
2.964093 	 1.000000  
2.965663 	 1.000000  
2.967234 	 1.000000  
2.968805 	 1.000000  
2.970376 	 1.000000  
2.971947 	 1.000000  
2.973517 	 1.000000  
2.975088 	 1.000000  
2.976659 	 1.000000  
2.978230 	 1.000000  
2.979801 	 1.000000  
2.981371 	 1.000000  
2.982942 	 1.000000  
2.984513 	 1.000000  
2.986084 	 1.000000  
2.987655 	 1.000000  
2.989225 	 1.000000  
2.990796 	 1.000000  
2.992367 	 1.000000  
2.993938 	 1.000000  
2.995509 	 1.000000  
2.997079 	 1.000000  
2.998650 	 1.000000  
3.000221 	 1.000000  
3.001792 	 1.000000  
3.003363 	 1.000000  
3.004933 	 1.000000  
3.006504 	 1.000000  
3.008075 	 1.000000  
3.009646 	 1.000000  
3.011217 	 1.000000  
3.012787 	 1.000000  
3.014358 	 1.000000  
3.015929 	 1.000000  
3.017500 	 1.000000  
3.019071 	 1.000000  
3.020641 	 1.000000  
3.022212 	 1.000000  
3.023783 	 1.000000  
3.025354 	 1.000000  
3.026925 	 1.000000  
3.028495 	 1.000000  
3.030066 	 1.000000  
3.031637 	 1.000000  
3.033208 	 1.000000  
3.034779 	 1.000000  
3.036349 	 1.000000  
3.037920 	 1.000000  
3.039491 	 1.000000  
3.041062 	 1.000000  
3.042632 	 1.000000  
3.044203 	 1.000000  
3.045774 	 1.000000  
3.047345 	 1.000000  
3.048916 	 1.000000  
3.050486 	 1.000000  
3.052057 	 1.000000  
3.053628 	 1.000000  
3.055199 	 1.000000  
3.056770 	 1.000000  
3.058340 	 1.000000  
3.059911 	 1.000000  
3.061482 	 1.000000  
3.063053 	 1.000000  
3.064624 	 1.000000  
3.066194 	 1.000000  
3.067765 	 1.000000  
3.069336 	 1.000000  
3.070907 	 1.000000  
3.072478 	 1.000000  
3.074048 	 1.000000  
3.075619 	 1.000000  
3.077190 	 1.000000  
3.078761 	 1.000000  
3.080332 	 1.000000  
3.081902 	 1.000000  
3.083473 	 1.000000  
3.085044 	 1.000000  
3.086615 	 1.000000  
3.088186 	 1.000000  
3.089756 	 1.000000  
3.091327 	 1.000000  
3.092898 	 1.000000  
3.094469 	 1.000000  
3.096040 	 1.000000  
3.097610 	 1.000000  
3.099181 	 1.000000  
3.100752 	 1.000000  
3.102323 	 1.000000  
3.103894 	 1.000000  
3.105464 	 1.000000  
3.107035 	 1.000000  
3.108606 	 1.000000  
3.110177 	 1.000000  
3.111748 	 1.000000  
3.113318 	 1.000000  
3.114889 	 1.000000  
3.116460 	 1.000000  
3.118031 	 1.000000  
3.119602 	 1.000000  
3.121172 	 1.000000  
3.122743 	 1.000000  
3.124314 	 1.000000  
3.125885 	 1.000000  
3.127455 	 1.000000  
3.129026 	 1.000000  
3.130597 	 1.000000  
3.132168 	 1.000000  
3.133739 	 1.000000  
3.135309 	 1.000000  
3.136880 	 1.000000  
3.138451 	 1.000000  
3.140022 	 1.000000  
3.141593 	 1.000000  
3.143163 	 1.000000  
3.144734 	 1.000000  
3.146305 	 1.000000  
3.147876 	 1.000000  
3.149447 	 1.000000  
3.151017 	 1.000000  
3.152588 	 1.000000  
3.154159 	 1.000000  
3.155730 	 1.000000  
3.157301 	 1.000000  
3.158871 	 1.000000  
3.160442 	 1.000000  
3.162013 	 1.000000  
3.163584 	 1.000000  
3.165155 	 1.000000  
3.166725 	 1.000000  
3.168296 	 1.000000  
3.169867 	 1.000000  
3.171438 	 1.000000  
3.173009 	 1.000000  
3.174579 	 1.000000  
3.176150 	 1.000000  
3.177721 	 1.000000  
3.179292 	 1.000000  
3.180863 	 1.000000  
3.182433 	 1.000000  
3.184004 	 1.000000  
3.185575 	 1.000000  
3.187146 	 1.000000  
3.188717 	 1.000000  
3.190287 	 1.000000  
3.191858 	 1.000000  
3.193429 	 1.000000  
3.195000 	 1.000000  
3.196571 	 1.000000  
3.198141 	 1.000000  
3.199712 	 1.000000  
3.201283 	 1.000000  
3.202854 	 1.000000  
3.204425 	 1.000000  
3.205995 	 1.000000  
3.207566 	 1.000000  
3.209137 	 1.000000  
3.210708 	 1.000000  
3.212278 	 1.000000  
3.213849 	 1.000000  
3.215420 	 1.000000  
3.216991 	 1.000000  
3.218562 	 1.000000  
3.220132 	 1.000000  
3.221703 	 1.000000  
3.223274 	 1.000000  
3.224845 	 1.000000  
3.226416 	 1.000000  
3.227986 	 1.000000  
3.229557 	 1.000000  
3.231128 	 1.000000  
3.232699 	 1.000000  
3.234270 	 1.000000  
3.235840 	 1.000000  
3.237411 	 1.000000  
3.238982 	 1.000000  
3.240553 	 1.000000  
3.242124 	 1.000000  
3.243694 	 1.000000  
3.245265 	 1.000000  
3.246836 	 1.000000  
3.248407 	 1.000000  
3.249978 	 1.000000  
3.251548 	 1.000000  
3.253119 	 1.000000  
3.254690 	 1.000000  
3.256261 	 1.000000  
3.257832 	 1.000000  
3.259402 	 1.000000  
3.260973 	 1.000000  
3.262544 	 1.000000  
3.264115 	 1.000000  
3.265686 	 1.000000  
3.267256 	 1.000000  
3.268827 	 1.000000  
3.270398 	 1.000000  
3.271969 	 1.000000  
3.273540 	 1.000000  
3.275110 	 1.000000  
3.276681 	 1.000000  
3.278252 	 1.000000  
3.279823 	 1.000000  
3.281394 	 1.000000  
3.282964 	 1.000000  
3.284535 	 1.000000  
3.286106 	 1.000000  
3.287677 	 1.000000  
3.289248 	 1.000000  
3.290818 	 1.000000  
3.292389 	 1.000000  
3.293960 	 1.000000  
3.295531 	 1.000000  
3.297101 	 1.000000  
3.298672 	 1.000000  
3.300243 	 1.000000  
3.301814 	 1.000000  
3.303385 	 1.000000  
3.304955 	 1.000000  
3.306526 	 1.000000  
3.308097 	 1.000000  
3.309668 	 1.000000  
3.311239 	 1.000000  
3.312809 	 1.000000  
3.314380 	 1.000000  
3.315951 	 1.000000  
3.317522 	 1.000000  
3.319093 	 1.000000  
3.320663 	 1.000000  
3.322234 	 1.000000  
3.323805 	 1.000000  
3.325376 	 1.000000  
3.326947 	 1.000000  
3.328517 	 1.000000  
3.330088 	 1.000000  
3.331659 	 1.000000  
3.333230 	 1.000000  
3.334801 	 1.000000  
3.336371 	 1.000000  
3.337942 	 1.000000  
3.339513 	 1.000000  
3.341084 	 1.000000  
3.342655 	 1.000000  
3.344225 	 1.000000  
3.345796 	 1.000000  
3.347367 	 1.000000  
3.348938 	 1.000000  
3.350509 	 1.000000  
3.352079 	 1.000000  
3.353650 	 1.000000  
3.355221 	 1.000000  
3.356792 	 1.000000  
3.358363 	 1.000000  
3.359933 	 1.000000  
3.361504 	 1.000000  
3.363075 	 1.000000  
3.364646 	 1.000000  
3.366217 	 1.000000  
3.367787 	 1.000000  
3.369358 	 1.000000  
3.370929 	 1.000000  
3.372500 	 1.000000  
3.374071 	 1.000000  
3.375641 	 1.000000  
3.377212 	 1.000000  
3.378783 	 1.000000  
3.380354 	 1.000000  
3.381924 	 1.000000  
3.383495 	 1.000000  
3.385066 	 1.000000  
3.386637 	 1.000000  
3.388208 	 1.000000  
3.389778 	 1.000000  
3.391349 	 1.000000  
3.392920 	 1.000000  
3.394491 	 1.000000  
3.396062 	 1.000000  
3.397632 	 1.000000  
3.399203 	 1.000000  
3.400774 	 1.000000  
3.402345 	 1.000000  
3.403916 	 1.000000  
3.405486 	 1.000000  
3.407057 	 1.000000  
3.408628 	 1.000000  
3.410199 	 1.000000  
3.411770 	 1.000000  
3.413340 	 1.000000  
3.414911 	 1.000000  
3.416482 	 1.000000  
3.418053 	 1.000000  
3.419624 	 1.000000  
3.421194 	 1.000000  
3.422765 	 1.000000  
3.424336 	 1.000000  
3.425907 	 1.000000  
3.427478 	 1.000000  
3.429048 	 1.000000  
3.430619 	 1.000000  
3.432190 	 1.000000  
3.433761 	 1.000000  
3.435332 	 1.000000  
3.436902 	 1.000000  
3.438473 	 1.000000  
3.440044 	 1.000000  
3.441615 	 1.000000  
3.443186 	 1.000000  
3.444756 	 1.000000  
3.446327 	 1.000000  
3.447898 	 1.000000  
3.449469 	 1.000000  
3.451040 	 1.000000  
3.452610 	 1.000000  
3.454181 	 1.000000  
3.455752 	 1.000000  
3.457323 	 1.000000  
3.458894 	 1.000000  
3.460464 	 1.000000  
3.462035 	 1.000000  
3.463606 	 1.000000  
3.465177 	 1.000000  
3.466747 	 1.000000  
3.468318 	 1.000000  
3.469889 	 1.000000  
3.471460 	 1.000000  
3.473031 	 1.000000  
3.474601 	 1.000000  
3.476172 	 1.000000  
3.477743 	 1.000000  
3.479314 	 1.000000  
3.480885 	 1.000000  
3.482455 	 1.000000  
3.484026 	 1.000000  
3.485597 	 1.000000  
3.487168 	 1.000000  
3.488739 	 1.000000  
3.490309 	 1.000000  
3.491880 	 1.000000  
3.493451 	 1.000000  
3.495022 	 1.000000  
3.496593 	 1.000000  
3.498163 	 1.000000  
3.499734 	 1.000000  
3.501305 	 1.000000  
3.502876 	 1.000000  
3.504447 	 1.000000  
3.506017 	 1.000000  
3.507588 	 1.000000  
3.509159 	 1.000000  
3.510730 	 1.000000  
3.512301 	 1.000000  
3.513871 	 1.000000  
3.515442 	 1.000000  
3.517013 	 1.000000  
3.518584 	 1.000000  
3.520155 	 1.000000  
3.521725 	 1.000000  
3.523296 	 1.000000  
3.524867 	 1.000000  
3.526438 	 1.000000  
3.528009 	 1.000000  
3.529579 	 1.000000  
3.531150 	 1.000000  
3.532721 	 1.000000  
3.534292 	 1.000000  
3.535863 	 1.000000  
3.537433 	 1.000000  
3.539004 	 1.000000  
3.540575 	 1.000000  
3.542146 	 1.000000  
3.543717 	 1.000000  
3.545287 	 1.000000  
3.546858 	 1.000000  
3.548429 	 1.000000  
3.550000 	 1.000000  
3.551570 	 1.000000  
3.553141 	 1.000000  
3.554712 	 1.000000  
3.556283 	 1.000000  
3.557854 	 1.000000  
3.559424 	 1.000000  
3.560995 	 1.000000  
3.562566 	 1.000000  
3.564137 	 1.000000  
3.565708 	 1.000000  
3.567278 	 1.000000  
3.568849 	 1.000000  
3.570420 	 1.000000  
3.571991 	 1.000000  
3.573562 	 1.000000  
3.575132 	 1.000000  
3.576703 	 1.000000  
3.578274 	 1.000000  
3.579845 	 1.000000  
3.581416 	 1.000000  
3.582986 	 1.000000  
3.584557 	 1.000000  
3.586128 	 1.000000  
3.587699 	 1.000000  
3.589270 	 1.000000  
3.590840 	 1.000000  
3.592411 	 1.000000  
3.593982 	 1.000000  
3.595553 	 1.000000  
3.597124 	 1.000000  
3.598694 	 1.000000  
3.600265 	 1.000000  
3.601836 	 1.000000  
3.603407 	 1.000000  
3.604978 	 1.000000  
3.606548 	 1.000000  
3.608119 	 1.000000  
3.609690 	 1.000000  
3.611261 	 1.000000  
3.612832 	 1.000000  
3.614402 	 1.000000  
3.615973 	 1.000000  
3.617544 	 1.000000  
3.619115 	 1.000000  
3.620686 	 1.000000  
3.622256 	 1.000000  
3.623827 	 1.000000  
3.625398 	 1.000000  
3.626969 	 1.000000  
3.628540 	 1.000000  
3.630110 	 1.000000  
3.631681 	 1.000000  
3.633252 	 1.000000  
3.634823 	 1.000000  
3.636393 	 1.000000  
3.637964 	 1.000000  
3.639535 	 1.000000  
3.641106 	 1.000000  
3.642677 	 1.000000  
3.644247 	 1.000000  
3.645818 	 1.000000  
3.647389 	 1.000000  
3.648960 	 1.000000  
3.650531 	 1.000000  
3.652101 	 1.000000  
3.653672 	 1.000000  
3.655243 	 1.000000  
3.656814 	 1.000000  
3.658385 	 1.000000  
3.659955 	 1.000000  
3.661526 	 1.000000  
3.663097 	 1.000000  
3.664668 	 1.000000  
3.666239 	 1.000000  
3.667809 	 1.000000  
3.669380 	 1.000000  
3.670951 	 1.000000  
3.672522 	 1.000000  
3.674093 	 1.000000  
3.675663 	 1.000000  
3.677234 	 1.000000  
3.678805 	 1.000000  
3.680376 	 1.000000  
3.681947 	 1.000000  
3.683517 	 1.000000  
3.685088 	 1.000000  
3.686659 	 1.000000  
3.688230 	 1.000000  
3.689801 	 1.000000  
3.691371 	 1.000000  
3.692942 	 1.000000  
3.694513 	 1.000000  
3.696084 	 1.000000  
3.697655 	 1.000000  
3.699225 	 1.000000  
3.700796 	 1.000000  
3.702367 	 1.000000  
3.703938 	 1.000000  
3.705509 	 1.000000  
3.707079 	 1.000000  
3.708650 	 1.000000  
3.710221 	 1.000000  
3.711792 	 1.000000  
3.713363 	 1.000000  
3.714933 	 1.000000  
3.716504 	 1.000000  
3.718075 	 1.000000  
3.719646 	 1.000000  
3.721216 	 1.000000  
3.722787 	 1.000000  
3.724358 	 1.000000  
3.725929 	 1.000000  
3.727500 	 1.000000  
3.729070 	 1.000000  
3.730641 	 1.000000  
3.732212 	 1.000000  
3.733783 	 1.000000  
3.735354 	 1.000000  
3.736924 	 1.000000  
3.738495 	 1.000000  
3.740066 	 1.000000  
3.741637 	 1.000000  
3.743208 	 1.000000  
3.744778 	 1.000000  
3.746349 	 1.000000  
3.747920 	 1.000000  
3.749491 	 1.000000  
3.751062 	 1.000000  
3.752632 	 1.000000  
3.754203 	 1.000000  
3.755774 	 1.000000  
3.757345 	 1.000000  
3.758916 	 1.000000  
3.760486 	 1.000000  
3.762057 	 1.000000  
3.763628 	 1.000000  
3.765199 	 1.000000  
3.766770 	 1.000000  
3.768340 	 1.000000  
3.769911 	 1.000000  
3.771482 	 1.000000  
3.773053 	 1.000000  
3.774624 	 1.000000  
3.776194 	 1.000000  
3.777765 	 1.000000  
3.779336 	 1.000000  
3.780907 	 1.000000  
3.782478 	 1.000000  
3.784048 	 1.000000  
3.785619 	 1.000000  
3.787190 	 1.000000  
3.788761 	 1.000000  
3.790332 	 1.000000  
3.791902 	 1.000000  
3.793473 	 1.000000  
3.795044 	 1.000000  
3.796615 	 1.000000  
3.798186 	 1.000000  
3.799756 	 1.000000  
3.801327 	 1.000000  
3.802898 	 1.000000  
3.804469 	 1.000000  
3.806039 	 1.000000  
3.807610 	 1.000000  
3.809181 	 1.000000  
3.810752 	 1.000000  
3.812323 	 1.000000  
3.813893 	 1.000000  
3.815464 	 1.000000  
3.817035 	 1.000000  
3.818606 	 1.000000  
3.820177 	 1.000000  
3.821747 	 1.000000  
3.823318 	 1.000000  
3.824889 	 1.000000  
3.826460 	 1.000000  
3.828031 	 1.000000  
3.829601 	 1.000000  
3.831172 	 1.000000  
3.832743 	 1.000000  
3.834314 	 1.000000  
3.835885 	 1.000000  
3.837455 	 1.000000  
3.839026 	 1.000000  
3.840597 	 1.000000  
3.842168 	 1.000000  
3.843739 	 1.000000  
3.845309 	 1.000000  
3.846880 	 1.000000  
3.848451 	 1.000000  
3.850022 	 1.000000  
3.851593 	 1.000000  
3.853163 	 1.000000  
3.854734 	 1.000000  
3.856305 	 1.000000  
3.857876 	 1.000000  
3.859447 	 1.000000  
3.861017 	 1.000000  
3.862588 	 1.000000  
3.864159 	 1.000000  
3.865730 	 1.000000  
3.867301 	 1.000000  
3.868871 	 1.000000  
3.870442 	 1.000000  
3.872013 	 1.000000  
3.873584 	 1.000000  
3.875155 	 1.000000  
3.876725 	 1.000000  
3.878296 	 1.000000  
3.879867 	 1.000000  
3.881438 	 1.000000  
3.883009 	 1.000000  
3.884579 	 1.000000  
3.886150 	 1.000000  
3.887721 	 1.000000  
3.889292 	 1.000000  
3.890863 	 1.000000  
3.892433 	 1.000000  
3.894004 	 1.000000  
3.895575 	 1.000000  
3.897146 	 1.000000  
3.898716 	 1.000000  
3.900287 	 1.000000  
3.901858 	 1.000000  
3.903429 	 1.000000  
3.905000 	 1.000000  
3.906570 	 1.000000  
3.908141 	 1.000000  
3.909712 	 1.000000  
3.911283 	 1.000000  
3.912854 	 1.000000  
3.914424 	 1.000000  
3.915995 	 1.000000  
3.917566 	 1.000000  
3.919137 	 1.000000  
3.920708 	 1.000000  
3.922278 	 1.000000  
3.923849 	 1.000000  
3.925420 	 1.000000  
3.926991 	 1.000000  
3.928562 	 1.000000  
3.930132 	 1.000000  
3.931703 	 1.000000  
3.933274 	 1.000000  
3.934845 	 1.000000  
3.936416 	 1.000000  
3.937986 	 1.000000  
3.939557 	 1.000000  
3.941128 	 1.000000  
3.942699 	 1.000000  
3.944270 	 1.000000  
3.945840 	 1.000000  
3.947411 	 1.000000  
3.948982 	 1.000000  
3.950553 	 1.000000  
3.952124 	 1.000000  
3.953694 	 1.000000  
3.955265 	 1.000000  
3.956836 	 1.000000  
3.958407 	 1.000000  
3.959978 	 1.000000  
3.961548 	 1.000000  
3.963119 	 1.000000  
3.964690 	 1.000000  
3.966261 	 1.000000  
3.967832 	 1.000000  
3.969402 	 1.000000  
3.970973 	 1.000000  
3.972544 	 1.000000  
3.974115 	 1.000000  
3.975686 	 1.000000  
3.977256 	 1.000000  
3.978827 	 1.000000  
3.980398 	 1.000000  
3.981969 	 1.000000  
3.983539 	 1.000000  
3.985110 	 1.000000  
3.986681 	 1.000000  
3.988252 	 1.000000  
3.989823 	 1.000000  
3.991393 	 1.000000  
3.992964 	 1.000000  
3.994535 	 1.000000  
3.996106 	 1.000000  
3.997677 	 1.000000  
3.999247 	 1.000000  
4.000818 	 1.000000  
4.002389 	 1.000000  
4.003960 	 1.000000  
4.005531 	 1.000000  
4.007101 	 1.000000  
4.008672 	 1.000000  
4.010243 	 1.000000  
4.011814 	 1.000000  
4.013385 	 1.000000  
4.014955 	 1.000000  
4.016526 	 1.000000  
4.018097 	 1.000000  
4.019668 	 1.000000  
4.021239 	 1.000000  
4.022809 	 1.000000  
4.024380 	 1.000000  
4.025951 	 1.000000  
4.027522 	 1.000000  
4.029093 	 1.000000  
4.030663 	 1.000000  
4.032234 	 1.000000  
4.033805 	 1.000000  
4.035376 	 1.000000  
4.036947 	 1.000000  
4.038517 	 1.000000  
4.040088 	 1.000000  
4.041659 	 1.000000  
4.043230 	 1.000000  
4.044801 	 1.000000  
4.046371 	 1.000000  
4.047942 	 1.000000  
4.049513 	 1.000000  
4.051084 	 1.000000  
4.052655 	 1.000000  
4.054225 	 1.000000  
4.055796 	 1.000000  
4.057367 	 1.000000  
4.058938 	 1.000000  
4.060509 	 1.000000  
4.062079 	 1.000000  
4.063650 	 1.000000  
4.065221 	 1.000000  
4.066792 	 1.000000  
4.068362 	 1.000000  
4.069933 	 1.000000  
4.071504 	 1.000000  
4.073075 	 1.000000  
4.074646 	 1.000000  
4.076216 	 1.000000  
4.077787 	 1.000000  
4.079358 	 1.000000  
4.080929 	 1.000000  
4.082500 	 1.000000  
4.084070 	 1.000000  
4.085641 	 1.000000  
4.087212 	 1.000000  
4.088783 	 1.000000  
4.090354 	 1.000000  
4.091924 	 1.000000  
4.093495 	 1.000000  
4.095066 	 1.000000  
4.096637 	 1.000000  
4.098208 	 1.000000  
4.099778 	 1.000000  
4.101349 	 1.000000  
4.102920 	 1.000000  
4.104491 	 1.000000  
4.106062 	 1.000000  
4.107632 	 1.000000  
4.109203 	 1.000000  
4.110774 	 1.000000  
4.112345 	 1.000000  
4.113916 	 1.000000  
4.115486 	 1.000000  
4.117057 	 1.000000  
4.118628 	 1.000000  
4.120199 	 1.000000  
4.121770 	 1.000000  
4.123340 	 1.000000  
4.124911 	 1.000000  
4.126482 	 1.000000  
4.128053 	 1.000000  
4.129624 	 1.000000  
4.131194 	 1.000000  
4.132765 	 1.000000  
4.134336 	 1.000000  
4.135907 	 1.000000  
4.137478 	 1.000000  
4.139048 	 1.000000  
4.140619 	 1.000000  
4.142190 	 1.000000  
4.143761 	 1.000000  
4.145332 	 1.000000  
4.146902 	 1.000000  
4.148473 	 1.000000  
4.150044 	 1.000000  
4.151615 	 1.000000  
4.153185 	 1.000000  
4.154756 	 1.000000  
4.156327 	 1.000000  
4.157898 	 1.000000  
4.159469 	 1.000000  
4.161039 	 1.000000  
4.162610 	 1.000000  
4.164181 	 1.000000  
4.165752 	 1.000000  
4.167323 	 1.000000  
4.168893 	 1.000000  
4.170464 	 1.000000  
4.172035 	 1.000000  
4.173606 	 1.000000  
4.175177 	 1.000000  
4.176747 	 1.000000  
4.178318 	 1.000000  
4.179889 	 0.999999  
4.181460 	 1.000000  
4.183031 	 1.000000  
4.184601 	 1.000000  
4.186172 	 1.000000  
4.187743 	 1.000000  
4.189314 	 1.000000  
4.190885 	 1.000000  
4.192455 	 1.000000  
4.194026 	 1.000000  
4.195597 	 1.000000  
4.197168 	 1.000000  
4.198739 	 1.000000  
4.200309 	 1.000000  
4.201880 	 1.000000  
4.203451 	 1.000000  
4.205022 	 1.000000  
4.206593 	 1.000000  
4.208163 	 1.000000  
4.209734 	 1.000000  
4.211305 	 1.000000  
4.212876 	 1.000000  
4.214447 	 1.000000  
4.216017 	 1.000000  
4.217588 	 1.000000  
4.219159 	 1.000000  
4.220730 	 1.000000  
4.222301 	 1.000000  
4.223871 	 1.000000  
4.225442 	 1.000000  
4.227013 	 1.000000  
4.228584 	 1.000000  
4.230155 	 1.000000  
4.231725 	 1.000000  
4.233296 	 1.000000  
4.234867 	 1.000000  
4.236438 	 1.000000  
4.238008 	 1.000000  
4.239579 	 1.000000  
4.241150 	 1.000000  
4.242721 	 1.000000  
4.244292 	 1.000000  
4.245862 	 1.000000  
4.247433 	 1.000000  
4.249004 	 1.000000  
4.250575 	 1.000000  
4.252146 	 1.000000  
4.253716 	 1.000000  
4.255287 	 0.999999  
4.256858 	 0.999999  
4.258429 	 1.000000  
4.260000 	 0.999999  
4.261570 	 1.000000  
4.263141 	 0.999999  
4.264712 	 0.999999  
4.266283 	 0.999999  
4.267854 	 1.000000  
4.269424 	 0.999999  
4.270995 	 0.999999  
4.272566 	 0.999999  
4.274137 	 0.999999  
4.275708 	 0.999999  
4.277278 	 0.999999  
4.278849 	 1.000000  
4.280420 	 0.999999  
4.281991 	 0.999999  
4.283562 	 1.000000  
4.285132 	 0.999999  
4.286703 	 1.000000  
4.288274 	 0.999999  
4.289845 	 1.000000  
4.291416 	 0.999999  
4.292986 	 1.000000  
4.294557 	 0.999999  
4.296128 	 0.999999  
4.297699 	 1.000000  
4.299270 	 0.999999  
4.300840 	 1.000000  
4.302411 	 0.999999  
4.303982 	 0.999999  
4.305553 	 0.999999  
4.307124 	 0.999999  
4.308694 	 0.999999  
4.310265 	 1.000000  
4.311836 	 0.999999  
4.313407 	 0.999999  
4.314978 	 0.999999  
4.316548 	 0.999999  
4.318119 	 0.999999  
4.319690 	 0.999999  
4.321261 	 0.999999  
4.322831 	 0.999999  
4.324402 	 0.999999  
4.325973 	 0.999999  
4.327544 	 0.999999  
4.329115 	 0.999999  
4.330685 	 0.999999  
4.332256 	 1.000000  
4.333827 	 0.999999  
4.335398 	 0.999999  
4.336969 	 0.999999  
4.338539 	 0.999999  
4.340110 	 1.000000  
4.341681 	 0.999999  
4.343252 	 0.999999  
4.344823 	 0.999999  
4.346393 	 0.999999  
4.347964 	 0.999999  
4.349535 	 0.999999  
4.351106 	 0.999999  
4.352677 	 0.999999  
4.354247 	 0.999999  
4.355818 	 0.999999  
4.357389 	 0.999999  
4.358960 	 0.999999  
4.360531 	 0.999999  
4.362101 	 0.999999  
4.363672 	 0.999999  
4.365243 	 0.999999  
4.366814 	 0.999999  
4.368385 	 0.999999  
4.369955 	 0.999999  
4.371526 	 0.999999  
4.373097 	 0.999999  
4.374668 	 0.999999  
4.376239 	 0.999999  
4.377809 	 0.999999  
4.379380 	 0.999999  
4.380951 	 0.999999  
4.382522 	 0.999999  
4.384093 	 0.999999  
4.385663 	 0.999999  
4.387234 	 0.999999  
4.388805 	 0.999999  
4.390376 	 0.999999  
4.391947 	 0.999999  
4.393517 	 0.999999  
4.395088 	 0.999999  
4.396659 	 0.999999  
4.398230 	 0.999999  
4.399801 	 0.999999  
4.401371 	 0.999999  
4.402942 	 0.999999  
4.404513 	 0.999999  
4.406084 	 0.999999  
4.407654 	 0.999999  
4.409225 	 0.999999  
4.410796 	 0.999999  
4.412367 	 0.999999  
4.413938 	 0.999999  
4.415508 	 0.999999  
4.417079 	 0.999999  
4.418650 	 0.999999  
4.420221 	 0.999999  
4.421792 	 0.999999  
4.423362 	 0.999999  
4.424933 	 0.999999  
4.426504 	 0.999999  
4.428075 	 0.999999  
4.429646 	 0.999999  
4.431216 	 0.999999  
4.432787 	 0.999999  
4.434358 	 0.999999  
4.435929 	 0.999999  
4.437500 	 0.999999  
4.439070 	 0.999999  
4.440641 	 0.999999  
4.442212 	 0.999999  
4.443783 	 0.999999  
4.445354 	 0.999999  
4.446924 	 0.999999  
4.448495 	 0.999999  
4.450066 	 0.999999  
4.451637 	 0.999999  
4.453208 	 0.999999  
4.454778 	 0.999999  
4.456349 	 0.999999  
4.457920 	 0.999999  
4.459491 	 0.999999  
4.461062 	 0.999999  
4.462632 	 0.999999  
4.464203 	 0.999999  
4.465774 	 0.999999  
4.467345 	 0.999999  
4.468916 	 0.999999  
4.470486 	 0.999999  
4.472057 	 0.999999  
4.473628 	 0.999999  
4.475199 	 0.999999  
4.476770 	 0.999999  
4.478340 	 0.999999  
4.479911 	 0.999999  
4.481482 	 0.999999  
4.483053 	 0.999999  
4.484624 	 0.999999  
4.486194 	 0.999999  
4.487765 	 0.999999  
4.489336 	 0.999999  
4.490907 	 0.999999  
4.492477 	 0.999999  
4.494048 	 0.999999  
4.495619 	 0.999999  
4.497190 	 0.999999  
4.498761 	 0.999999  
4.500331 	 0.999999  
4.501902 	 0.999999  
4.503473 	 0.999999  
4.505044 	 0.999999  
4.506615 	 0.999999  
4.508185 	 0.999999  
4.509756 	 0.999999  
4.511327 	 0.999999  
4.512898 	 0.999999  
4.514469 	 0.999999  
4.516039 	 0.999999  
4.517610 	 0.999999  
4.519181 	 0.999999  
4.520752 	 0.999999  
4.522323 	 0.999999  
4.523893 	 0.999999  
4.525464 	 0.999999  
4.527035 	 0.999999  
4.528606 	 0.999999  
4.530177 	 0.999999  
4.531747 	 0.999999  
4.533318 	 0.999999  
4.534889 	 0.999999  
4.536460 	 0.999999  
4.538031 	 0.999999  
4.539601 	 0.999999  
4.541172 	 0.999999  
4.542743 	 0.999999  
4.544314 	 0.999999  
4.545885 	 0.999999  
4.547455 	 0.999999  
4.549026 	 0.999999  
4.550597 	 0.999999  
4.552168 	 0.999999  
4.553739 	 0.999999  
4.555309 	 0.999999  
4.556880 	 0.999999  
4.558451 	 0.999999  
4.560022 	 0.999999  
4.561593 	 0.999999  
4.563163 	 0.999999  
4.564734 	 0.999999  
4.566305 	 0.999999  
4.567876 	 0.999999  
4.569447 	 0.999999  
4.571017 	 0.999999  
4.572588 	 0.999999  
4.574159 	 0.999999  
4.575730 	 0.999999  
4.577300 	 0.999999  
4.578871 	 0.999999  
4.580442 	 0.999999  
4.582013 	 0.999999  
4.583584 	 0.999999  
4.585154 	 0.999999  
4.586725 	 0.999999  
4.588296 	 0.999999  
4.589867 	 0.999999  
4.591438 	 0.999999  
4.593008 	 0.999999  
4.594579 	 0.999999  
4.596150 	 0.999999  
4.597721 	 0.999999  
4.599292 	 0.999999  
4.600862 	 0.999999  
4.602433 	 0.999999  
4.604004 	 0.999999  
4.605575 	 0.999999  
4.607146 	 0.999999  
4.608716 	 0.999999  
4.610287 	 0.999999  
4.611858 	 0.999999  
4.613429 	 0.999999  
4.615000 	 0.999999  
4.616570 	 0.999999  
4.618141 	 0.999999  
4.619712 	 0.999999  
4.621283 	 0.999999  
4.622854 	 0.999999  
4.624424 	 0.999999  
4.625995 	 0.999999  
4.627566 	 0.999999  
4.629137 	 0.999999  
4.630708 	 0.999999  
4.632278 	 0.999999  
4.633849 	 0.999999  
4.635420 	 0.999999  
4.636991 	 0.999999  
4.638562 	 0.999999  
4.640132 	 0.999999  
4.641703 	 0.999999  
4.643274 	 0.999999  
4.644845 	 0.999999  
4.646416 	 0.999999  
4.647986 	 0.999999  
4.649557 	 0.999999  
4.651128 	 0.999999  
4.652699 	 0.999999  
4.654270 	 0.999999  
4.655840 	 0.999999  
4.657411 	 0.999999  
4.658982 	 0.999999  
4.660553 	 0.999999  
4.662123 	 0.999999  
4.663694 	 0.999999  
4.665265 	 0.999999  
4.666836 	 0.999999  
4.668407 	 0.999999  
4.669977 	 0.999999  
4.671548 	 0.999999  
4.673119 	 0.999999  
4.674690 	 0.999999  
4.676261 	 0.999999  
4.677831 	 0.999999  
4.679402 	 0.999999  
4.680973 	 0.999999  
4.682544 	 0.999999  
4.684115 	 0.999999  
4.685685 	 0.999999  
4.687256 	 0.999999  
4.688827 	 0.999999  
4.690398 	 0.999999  
4.691969 	 0.999999  
4.693539 	 0.999999  
4.695110 	 0.999999  
4.696681 	 0.999999  
4.698252 	 0.999999  
4.699823 	 0.999999  
4.701393 	 0.999999  
4.702964 	 0.999999  
4.704535 	 0.999999  
4.706106 	 0.999999  
4.707677 	 0.999999  
4.709247 	 0.999999  
4.710818 	 0.999999  
4.712389 	 0.999999  
4.713960 	 0.999999  
4.715531 	 0.999999  
4.717101 	 0.999999  
4.718672 	 0.999999  
4.720243 	 0.999999  
4.721814 	 0.999999  
4.723385 	 0.999999  
4.724955 	 0.999999  
4.726526 	 0.999999  
4.728097 	 0.999999  
4.729668 	 0.999999  
4.731239 	 0.999999  
4.732809 	 0.999999  
4.734380 	 0.999999  
4.735951 	 0.999999  
4.737522 	 0.999999  
4.739093 	 0.999999  
4.740663 	 0.999999  
4.742234 	 0.999999  
4.743805 	 0.999999  
4.745376 	 0.999999  
4.746946 	 0.999999  
4.748517 	 0.999999  
4.750088 	 0.999999  
4.751659 	 0.999999  
4.753230 	 0.999999  
4.754800 	 0.999999  
4.756371 	 0.999999  
4.757942 	 0.999999  
4.759513 	 0.999999  
4.761084 	 0.999999  
4.762654 	 0.999998  
4.764225 	 0.999999  
4.765796 	 0.999999  
4.767367 	 0.999999  
4.768938 	 0.999999  
4.770508 	 0.999999  
4.772079 	 0.999999  
4.773650 	 0.999999  
4.775221 	 0.999999  
4.776792 	 0.999999  
4.778362 	 0.999999  
4.779933 	 0.999999  
4.781504 	 0.999999  
4.783075 	 0.999998  
4.784646 	 0.999998  
4.786216 	 0.999998  
4.787787 	 0.999998  
4.789358 	 0.999998  
4.790929 	 0.999998  
4.792500 	 0.999998  
4.794070 	 0.999998  
4.795641 	 0.999999  
4.797212 	 0.999998  
4.798783 	 0.999998  
4.800354 	 0.999998  
4.801924 	 0.999998  
4.803495 	 0.999998  
4.805066 	 0.999998  
4.806637 	 0.999998  
4.808208 	 0.999998  
4.809778 	 0.999999  
4.811349 	 0.999998  
4.812920 	 0.999998  
4.814491 	 0.999998  
4.816062 	 0.999998  
4.817632 	 0.999998  
4.819203 	 0.999998  
4.820774 	 0.999998  
4.822345 	 0.999998  
4.823916 	 0.999998  
4.825486 	 0.999998  
4.827057 	 0.999998  
4.828628 	 0.999998  
4.830199 	 0.999998  
4.831770 	 0.999998  
4.833340 	 0.999998  
4.834911 	 0.999998  
4.836482 	 0.999998  
4.838053 	 0.999998  
4.839623 	 0.999998  
4.841194 	 0.999998  
4.842765 	 0.999998  
4.844336 	 0.999998  
4.845907 	 0.999998  
4.847477 	 0.999998  
4.849048 	 0.999998  
4.850619 	 0.999998  
4.852190 	 0.999998  
4.853761 	 0.999998  
4.855331 	 0.999998  
4.856902 	 0.999998  
4.858473 	 0.999998  
4.860044 	 0.999998  
4.861615 	 0.999998  
4.863185 	 0.999998  
4.864756 	 0.999998  
4.866327 	 0.999998  
4.867898 	 0.999998  
4.869469 	 0.999998  
4.871039 	 0.999998  
4.872610 	 0.999998  
4.874181 	 0.999998  
4.875752 	 0.999998  
4.877323 	 0.999998  
4.878893 	 0.999998  
4.880464 	 0.999998  
4.882035 	 0.999998  
4.883606 	 0.999998  
4.885177 	 0.999998  
4.886747 	 0.999998  
4.888318 	 0.999998  
4.889889 	 0.999998  
4.891460 	 0.999998  
4.893031 	 0.999998  
4.894601 	 0.999998  
4.896172 	 0.999998  
4.897743 	 0.999998  
4.899314 	 0.999998  
4.900885 	 0.999998  
4.902455 	 0.999998  
4.904026 	 0.999998  
4.905597 	 0.999998  
4.907168 	 0.999998  
4.908739 	 0.999998  
4.910309 	 0.999998  
4.911880 	 0.999998  
4.913451 	 0.999998  
4.915022 	 0.999998  
4.916593 	 0.999998  
4.918163 	 0.999998  
4.919734 	 0.999998  
4.921305 	 0.999998  
4.922876 	 0.999998  
4.924446 	 0.999998  
4.926017 	 0.999998  
4.927588 	 0.999998  
4.929159 	 0.999998  
4.930730 	 0.999998  
4.932300 	 0.999998  
4.933871 	 0.999998  
4.935442 	 0.999998  
4.937013 	 0.999998  
4.938584 	 0.999998  
4.940154 	 0.999998  
4.941725 	 0.999998  
4.943296 	 0.999998  
4.944867 	 0.999998  
4.946438 	 0.999998  
4.948008 	 0.999998  
4.949579 	 0.999998  
4.951150 	 0.999998  
4.952721 	 0.999998  
4.954292 	 0.999998  
4.955862 	 0.999998  
4.957433 	 0.999998  
4.959004 	 0.999998  
4.960575 	 0.999998  
4.962146 	 0.999998  
4.963716 	 0.999998  
4.965287 	 0.999998  
4.966858 	 0.999998  
4.968429 	 0.999998  
4.970000 	 0.999998  
4.971570 	 0.999998  
4.973141 	 0.999998  
4.974712 	 0.999998  
4.976283 	 0.999998  
4.977854 	 0.999998  
4.979424 	 0.999998  
4.980995 	 0.999998  
4.982566 	 0.999998  
4.984137 	 0.999998  
4.985708 	 0.999998  
4.987278 	 0.999998  
4.988849 	 0.999998  
4.990420 	 0.999998  
4.991991 	 0.999998  
4.993562 	 0.999998  
4.995132 	 0.999998  
4.996703 	 0.999998  
4.998274 	 0.999998  
4.999845 	 0.999998  
5.001416 	 0.999998  
5.002986 	 0.999998  
5.004557 	 0.999997  
5.006128 	 0.999997  
5.007699 	 0.999998  
5.009269 	 0.999998  
5.010840 	 0.999998  
5.012411 	 0.999998  
5.013982 	 0.999998  
5.015553 	 0.999997  
5.017123 	 0.999997  
5.018694 	 0.999997  
5.020265 	 0.999998  
5.021836 	 0.999997  
5.023407 	 0.999997  
5.024977 	 0.999997  
5.026548 	 0.999997  
5.028119 	 0.999997  
5.029690 	 0.999997  
5.031261 	 0.999997  
5.032831 	 0.999997  
5.034402 	 0.999997  
5.035973 	 0.999997  
5.037544 	 0.999997  
5.039115 	 0.999997  
5.040685 	 0.999997  
5.042256 	 0.999997  
5.043827 	 0.999997  
5.045398 	 0.999997  
5.046969 	 0.999997  
5.048539 	 0.999997  
5.050110 	 0.999997  
5.051681 	 0.999997  
5.053252 	 0.999997  
5.054823 	 0.999997  
5.056393 	 0.999997  
5.057964 	 0.999997  
5.059535 	 0.999997  
5.061106 	 0.999997  
5.062677 	 0.999997  
5.064247 	 0.999997  
5.065818 	 0.999997  
5.067389 	 0.999997  
5.068960 	 0.999997  
5.070531 	 0.999997  
5.072101 	 0.999997  
5.073672 	 0.999997  
5.075243 	 0.999997  
5.076814 	 0.999997  
5.078385 	 0.999997  
5.079955 	 0.999997  
5.081526 	 0.999997  
5.083097 	 0.999997  
5.084668 	 0.999997  
5.086239 	 0.999997  
5.087809 	 0.999997  
5.089380 	 0.999997  
5.090951 	 0.999997  
5.092522 	 0.999997  
5.094092 	 0.999997  
5.095663 	 0.999997  
5.097234 	 0.999997  
5.098805 	 0.999997  
5.100376 	 0.999997  
5.101946 	 0.999997  
5.103517 	 0.999997  
5.105088 	 0.999997  
5.106659 	 0.999997  
5.108230 	 0.999997  
5.109800 	 0.999997  
5.111371 	 0.999997  
5.112942 	 0.999997  
5.114513 	 0.999997  
5.116084 	 0.999997  
5.117654 	 0.999997  
5.119225 	 0.999997  
5.120796 	 0.999997  
5.122367 	 0.999997  
5.123938 	 0.999997  
5.125508 	 0.999997  
5.127079 	 0.999997  
5.128650 	 0.999997  
5.130221 	 0.999997  
5.131792 	 0.999997  
5.133362 	 0.999997  
5.134933 	 0.999997  
5.136504 	 0.999997  
5.138075 	 0.999997  
5.139646 	 0.999997  
5.141216 	 0.999997  
5.142787 	 0.999997  
5.144358 	 0.999997  
5.145929 	 0.999997  
5.147500 	 0.999997  
5.149070 	 0.999996  
5.150641 	 0.999997  
5.152212 	 0.999997  
5.153783 	 0.999997  
5.155354 	 0.999997  
5.156924 	 0.999996  
5.158495 	 0.999997  
5.160066 	 0.999997  
5.161637 	 0.999997  
5.163208 	 0.999996  
5.164778 	 0.999996  
5.166349 	 0.999996  
5.167920 	 0.999996  
5.169491 	 0.999996  
5.171062 	 0.999996  
5.172632 	 0.999996  
5.174203 	 0.999996  
5.175774 	 0.999996  
5.177345 	 0.999996  
5.178915 	 0.999996  
5.180486 	 0.999996  
5.182057 	 0.999996  
5.183628 	 0.999996  
5.185199 	 0.999996  
5.186769 	 0.999996  
5.188340 	 0.999996  
5.189911 	 0.999996  
5.191482 	 0.999996  
5.193053 	 0.999996  
5.194623 	 0.999996  
5.196194 	 0.999996  
5.197765 	 0.999996  
5.199336 	 0.999996  
5.200907 	 0.999996  
5.202477 	 0.999996  
5.204048 	 0.999996  
5.205619 	 0.999996  
5.207190 	 0.999996  
5.208761 	 0.999996  
5.210331 	 0.999996  
5.211902 	 0.999996  
5.213473 	 0.999996  
5.215044 	 0.999996  
5.216615 	 0.999996  
5.218185 	 0.999996  
5.219756 	 0.999996  
5.221327 	 0.999996  
5.222898 	 0.999996  
5.224469 	 0.999996  
5.226039 	 0.999996  
5.227610 	 0.999996  
5.229181 	 0.999996  
5.230752 	 0.999996  
5.232323 	 0.999996  
5.233893 	 0.999996  
5.235464 	 0.999996  
5.237035 	 0.999996  
5.238606 	 0.999996  
5.240177 	 0.999996  
5.241747 	 0.999996  
5.243318 	 0.999996  
5.244889 	 0.999996  
5.246460 	 0.999996  
5.248031 	 0.999996  
5.249601 	 0.999996  
5.251172 	 0.999996  
5.252743 	 0.999996  
5.254314 	 0.999996  
5.255885 	 0.999996  
5.257455 	 0.999996  
5.259026 	 0.999996  
5.260597 	 0.999996  
5.262168 	 0.999996  
5.263738 	 0.999996  
5.265309 	 0.999996  
5.266880 	 0.999995  
5.268451 	 0.999995  
5.270022 	 0.999996  
5.271592 	 0.999995  
5.273163 	 0.999995  
5.274734 	 0.999995  
5.276305 	 0.999995  
5.277876 	 0.999995  
5.279446 	 0.999995  
5.281017 	 0.999995  
5.282588 	 0.999995  
5.284159 	 0.999995  
5.285730 	 0.999995  
5.287300 	 0.999995  
5.288871 	 0.999995  
5.290442 	 0.999995  
5.292013 	 0.999995  
5.293584 	 0.999995  
5.295154 	 0.999995  
5.296725 	 0.999995  
5.298296 	 0.999995  
5.299867 	 0.999995  
5.301438 	 0.999995  
5.303008 	 0.999995  
5.304579 	 0.999995  
5.306150 	 0.999995  
5.307721 	 0.999995  
5.309292 	 0.999995  
5.310862 	 0.999995  
5.312433 	 0.999995  
5.314004 	 0.999995  
5.315575 	 0.999995  
5.317146 	 0.999995  
5.318716 	 0.999995  
5.320287 	 0.999995  
5.321858 	 0.999995  
5.323429 	 0.999995  
5.325000 	 0.999995  
5.326570 	 0.999995  
5.328141 	 0.999995  
5.329712 	 0.999995  
5.331283 	 0.999995  
5.332854 	 0.999995  
5.334424 	 0.999995  
5.335995 	 0.999995  
5.337566 	 0.999995  
5.339137 	 0.999994  
5.340708 	 0.999995  
5.342278 	 0.999995  
5.343849 	 0.999994  
5.345420 	 0.999995  
5.346991 	 0.999994  
5.348561 	 0.999994  
5.350132 	 0.999994  
5.351703 	 0.999994  
5.353274 	 0.999994  
5.354845 	 0.999994  
5.356415 	 0.999994  
5.357986 	 0.999994  
5.359557 	 0.999994  
5.361128 	 0.999994  
5.362699 	 0.999994  
5.364269 	 0.999994  
5.365840 	 0.999994  
5.367411 	 0.999994  
5.368982 	 0.999994  
5.370553 	 0.999994  
5.372123 	 0.999994  
5.373694 	 0.999994  
5.375265 	 0.999994  
5.376836 	 0.999994  
5.378407 	 0.999994  
5.379977 	 0.999994  
5.381548 	 0.999994  
5.383119 	 0.999994  
5.384690 	 0.999994  
5.386261 	 0.999994  
5.387831 	 0.999994  
5.389402 	 0.999994  
5.390973 	 0.999994  
5.392544 	 0.999994  
5.394115 	 0.999994  
5.395685 	 0.999994  
5.397256 	 0.999994  
5.398827 	 0.999993  
5.400398 	 0.999993  
5.401969 	 0.999993  
5.403539 	 0.999993  
5.405110 	 0.999993  
5.406681 	 0.999993  
5.408252 	 0.999993  
5.409823 	 0.999993  
5.411393 	 0.999993  
5.412964 	 0.999993  
5.414535 	 0.999993  
5.416106 	 0.999993  
5.417677 	 0.999993  
5.419247 	 0.999993  
5.420818 	 0.999993  
5.422389 	 0.999993  
5.423960 	 0.999993  
5.425531 	 0.999993  
5.427101 	 0.999993  
5.428672 	 0.999993  
5.430243 	 0.999993  
5.431814 	 0.999993  
5.433384 	 0.999993  
5.434955 	 0.999993  
5.436526 	 0.999993  
5.438097 	 0.999993  
5.439668 	 0.999993  
5.441238 	 0.999993  
5.442809 	 0.999993  
5.444380 	 0.999992  
5.445951 	 0.999992  
5.447522 	 0.999992  
5.449092 	 0.999992  
5.450663 	 0.999992  
5.452234 	 0.999992  
5.453805 	 0.999992  
5.455376 	 0.999992  
5.456946 	 0.999992  
5.458517 	 0.999992  
5.460088 	 0.999992  
5.461659 	 0.999992  
5.463230 	 0.999992  
5.464800 	 0.999992  
5.466371 	 0.999992  
5.467942 	 0.999992  
5.469513 	 0.999992  
5.471084 	 0.999992  
5.472654 	 0.999992  
5.474225 	 0.999992  
5.475796 	 0.999992  
5.477367 	 0.999992  
5.478938 	 0.999992  
5.480508 	 0.999992  
5.482079 	 0.999992  
5.483650 	 0.999991  
5.485221 	 0.999991  
5.486792 	 0.999991  
5.488362 	 0.999991  
5.489933 	 0.999991  
5.491504 	 0.999991  
5.493075 	 0.999991  
5.494646 	 0.999991  
5.496216 	 0.999991  
5.497787 	 0.999991  
5.499358 	 0.999991  
5.500929 	 0.999991  
5.502500 	 0.999991  
5.504070 	 0.999991  
5.505641 	 0.999991  
5.507212 	 0.999991  
5.508783 	 0.999991  
5.510354 	 0.999991  
5.511924 	 0.999991  
5.513495 	 0.999991  
5.515066 	 0.999991  
5.516637 	 0.999991  
5.518207 	 0.999990  
5.519778 	 0.999990  
5.521349 	 0.999990  
5.522920 	 0.999990  
5.524491 	 0.999990  
5.526061 	 0.999990  
5.527632 	 0.999990  
5.529203 	 0.999990  
5.530774 	 0.999990  
5.532345 	 0.999990  
5.533915 	 0.999990  
5.535486 	 0.999990  
5.537057 	 0.999990  
5.538628 	 0.999990  
5.540199 	 0.999990  
5.541769 	 0.999990  
5.543340 	 0.999990  
5.544911 	 0.999990  
5.546482 	 0.999990  
5.548053 	 0.999990  
5.549623 	 0.999989  
5.551194 	 0.999989  
5.552765 	 0.999989  
5.554336 	 0.999989  
5.555907 	 0.999989  
5.557477 	 0.999989  
5.559048 	 0.999989  
5.560619 	 0.999989  
5.562190 	 0.999989  
5.563761 	 0.999989  
5.565331 	 0.999989  
5.566902 	 0.999989  
5.568473 	 0.999989  
5.570044 	 0.999988  
5.571615 	 0.999988  
5.573185 	 0.999988  
5.574756 	 0.999988  
5.576327 	 0.999988  
5.577898 	 0.999988  
5.579469 	 0.999988  
5.581039 	 0.999988  
5.582610 	 0.999988  
5.584181 	 0.999988  
5.585752 	 0.999988  
5.587323 	 0.999988  
5.588893 	 0.999988  
5.590464 	 0.999988  
5.592035 	 0.999988  
5.593606 	 0.999987  
5.595177 	 0.999987  
5.596747 	 0.999987  
5.598318 	 0.999987  
5.599889 	 0.999987  
5.601460 	 0.999987  
5.603030 	 0.999987  
5.604601 	 0.999987  
5.606172 	 0.999987  
5.607743 	 0.999987  
5.609314 	 0.999987  
5.610884 	 0.999987  
5.612455 	 0.999986  
5.614026 	 0.999987  
5.615597 	 0.999986  
5.617168 	 0.999986  
5.618738 	 0.999986  
5.620309 	 0.999986  
5.621880 	 0.999986  
5.623451 	 0.999986  
5.625022 	 0.999986  
5.626592 	 0.999986  
5.628163 	 0.999986  
5.629734 	 0.999986  
5.631305 	 0.999985  
5.632876 	 0.999985  
5.634446 	 0.999985  
5.636017 	 0.999985  
5.637588 	 0.999985  
5.639159 	 0.999985  
5.640730 	 0.999985  
5.642300 	 0.999985  
5.643871 	 0.999985  
5.645442 	 0.999985  
5.647013 	 0.999984  
5.648584 	 0.999984  
5.650154 	 0.999984  
5.651725 	 0.999984  
5.653296 	 0.999984  
5.654867 	 0.999984  
5.656438 	 0.999984  
5.658008 	 0.999984  
5.659579 	 0.999984  
5.661150 	 0.999983  
5.662721 	 0.999983  
5.664292 	 0.999983  
5.665862 	 0.999983  
5.667433 	 0.999983  
5.669004 	 0.999983  
5.670575 	 0.999983  
5.672146 	 0.999983  
5.673716 	 0.999982  
5.675287 	 0.999982  
5.676858 	 0.999982  
5.678429 	 0.999982  
5.680000 	 0.999982  
5.681570 	 0.999982  
5.683141 	 0.999982  
5.684712 	 0.999981  
5.686283 	 0.999981  
5.687853 	 0.999981  
5.689424 	 0.999981  
5.690995 	 0.999981  
5.692566 	 0.999981  
5.694137 	 0.999981  
5.695707 	 0.999981  
5.697278 	 0.999980  
5.698849 	 0.999980  
5.700420 	 0.999980  
5.701991 	 0.999980  
5.703561 	 0.999980  
5.705132 	 0.999980  
5.706703 	 0.999979  
5.708274 	 0.999979  
5.709845 	 0.999979  
5.711415 	 0.999979  
5.712986 	 0.999979  
5.714557 	 0.999978  
5.716128 	 0.999978  
5.717699 	 0.999978  
5.719269 	 0.999978  
5.720840 	 0.999978  
5.722411 	 0.999978  
5.723982 	 0.999977  
5.725553 	 0.999977  
5.727123 	 0.999977  
5.728694 	 0.999977  
5.730265 	 0.999977  
5.731836 	 0.999976  
5.733407 	 0.999976  
5.734977 	 0.999976  
5.736548 	 0.999976  
5.738119 	 0.999976  
5.739690 	 0.999976  
5.741261 	 0.999975  
5.742831 	 0.999975  
5.744402 	 0.999975  
5.745973 	 0.999974  
5.747544 	 0.999974  
5.749115 	 0.999974  
5.750685 	 0.999974  
5.752256 	 0.999974  
5.753827 	 0.999973  
5.755398 	 0.999973  
5.756969 	 0.999973  
5.758539 	 0.999973  
5.760110 	 0.999972  
5.761681 	 0.999972  
5.763252 	 0.999972  
5.764823 	 0.999972  
5.766393 	 0.999971  
5.767964 	 0.999971  
5.769535 	 0.999971  
5.771106 	 0.999970  
5.772677 	 0.999970  
5.774247 	 0.999970  
5.775818 	 0.999970  
5.777389 	 0.999969  
5.778960 	 0.999969  
5.780530 	 0.999969  
5.782101 	 0.999968  
5.783672 	 0.999968  
5.785243 	 0.999968  
5.786814 	 0.999967  
5.788384 	 0.999967  
5.789955 	 0.999967  
5.791526 	 0.999966  
5.793097 	 0.999966  
5.794668 	 0.999966  
5.796238 	 0.999965  
5.797809 	 0.999965  
5.799380 	 0.999965  
5.800951 	 0.999964  
5.802522 	 0.999964  
5.804092 	 0.999963  
5.805663 	 0.999963  
5.807234 	 0.999962  
5.808805 	 0.999962  
5.810376 	 0.999962  
5.811946 	 0.999961  
5.813517 	 0.999961  
5.815088 	 0.999960  
5.816659 	 0.999960  
5.818230 	 0.999959  
5.819800 	 0.999959  
5.821371 	 0.999958  
5.822942 	 0.999958  
5.824513 	 0.999957  
5.826084 	 0.999957  
5.827654 	 0.999956  
5.829225 	 0.999956  
5.830796 	 0.999955  
5.832367 	 0.999955  
5.833938 	 0.999954  
5.835508 	 0.999954  
5.837079 	 0.999953  
5.838650 	 0.999953  
5.840221 	 0.999952  
5.841792 	 0.999951  
5.843362 	 0.999951  
5.844933 	 0.999950  
5.846504 	 0.999949  
5.848075 	 0.999949  
5.849646 	 0.999948  
5.851216 	 0.999947  
5.852787 	 0.999946  
5.854358 	 0.999946  
5.855929 	 0.999945  
5.857500 	 0.999944  
5.859070 	 0.999943  
5.860641 	 0.999942  
5.862212 	 0.999942  
5.863783 	 0.999941  
5.865353 	 0.999940  
5.866924 	 0.999939  
5.868495 	 0.999938  
5.870066 	 0.999937  
5.871637 	 0.999936  
5.873207 	 0.999935  
5.874778 	 0.999934  
5.876349 	 0.999933  
5.877920 	 0.999932  
5.879491 	 0.999931  
5.881061 	 0.999930  
5.882632 	 0.999929  
5.884203 	 0.999928  
5.885774 	 0.999926  
5.887345 	 0.999925  
5.888915 	 0.999924  
5.890486 	 0.999922  
5.892057 	 0.999921  
5.893628 	 0.999920  
5.895199 	 0.999918  
5.896769 	 0.999917  
5.898340 	 0.999915  
5.899911 	 0.999914  
5.901482 	 0.999912  
5.903053 	 0.999911  
5.904623 	 0.999909  
5.906194 	 0.999907  
5.907765 	 0.999905  
5.909336 	 0.999904  
5.910907 	 0.999902  
5.912477 	 0.999900  
5.914048 	 0.999897  
5.915619 	 0.999895  
5.917190 	 0.999893  
5.918761 	 0.999891  
5.920331 	 0.999889  
5.921902 	 0.999886  
5.923473 	 0.999884  
5.925044 	 0.999881  
5.926615 	 0.999878  
5.928185 	 0.999875  
5.929756 	 0.999873  
5.931327 	 0.999870  
5.932898 	 0.999866  
5.934469 	 0.999863  
5.936039 	 0.999860  
5.937610 	 0.999856  
5.939181 	 0.999853  
5.940752 	 0.999849  
5.942323 	 0.999845  
5.943893 	 0.999841  
5.945464 	 0.999837  
5.947035 	 0.999832  
5.948606 	 0.999827  
5.950176 	 0.999822  
5.951747 	 0.999817  
5.953318 	 0.999812  
5.954889 	 0.999806  
5.956460 	 0.999800  
5.958030 	 0.999794  
5.959601 	 0.999787  
5.961172 	 0.999780  
5.962743 	 0.999773  
5.964314 	 0.999765  
5.965884 	 0.999757  
5.967455 	 0.999749  
5.969026 	 0.999739  
5.970597 	 0.999730  
5.972168 	 0.999720  
5.973738 	 0.999709  
5.975309 	 0.999697  
5.976880 	 0.999685  
5.978451 	 0.999672  
5.980022 	 0.999658  
5.981592 	 0.999643  
5.983163 	 0.999628  
5.984734 	 0.999610  
5.986305 	 0.999592  
5.987876 	 0.999572  
5.989446 	 0.999551  
5.991017 	 0.999528  
5.992588 	 0.999503  
5.994159 	 0.999476  
5.995730 	 0.999446  
5.997300 	 0.999414  
5.998871 	 0.999379  
6.000442 	 0.999340  
6.002013 	 0.999297  
6.003584 	 0.999250  
6.005154 	 0.999198  
6.006725 	 0.999139  
6.008296 	 0.999074  
6.009867 	 0.999000  
6.011438 	 0.998918  
6.013008 	 0.998824  
6.014579 	 0.998716  
6.016150 	 0.998592  
6.017721 	 0.998449  
6.019292 	 0.998282  
6.020862 	 0.998085  
6.022433 	 0.997852  
6.024004 	 0.997571  
6.025575 	 0.997229  
6.027146 	 0.996807  
6.028716 	 0.996278  
6.030287 	 0.995601  
6.031858 	 0.994717  
6.033429 	 0.993529  
6.034999 	 0.991881  
6.036570 	 0.989500  
6.038141 	 0.985878  
6.039712 	 0.979979  
6.041283 	 0.969430  
6.042853 	 0.947831  
6.044424 	 0.893507  
6.045995 	 0.707021  
6.047566 	 0.003175  
6.049137 	 0.707145  
6.050707 	 0.895364  
6.052278 	 0.949547  
6.053849 	 0.970870  
6.055420 	 0.981195  
6.056991 	 0.986922  
6.058561 	 0.990412  
6.060132 	 0.992688  
6.061703 	 0.994252  
6.063274 	 0.995371  
6.064845 	 0.996198  
6.066415 	 0.996827  
6.067986 	 0.997315  
6.069557 	 0.997702  
6.071128 	 0.998013  
6.072699 	 0.998266  
6.074269 	 0.998476  
6.075840 	 0.998652  
6.077411 	 0.998799  
6.078982 	 0.998925  
6.080553 	 0.999033  
6.082123 	 0.999127  
6.083694 	 0.999208  
6.085265 	 0.999279  
6.086836 	 0.999341  
6.088407 	 0.999396  
6.089977 	 0.999445  
6.091548 	 0.999489  
6.093119 	 0.999528  
6.094690 	 0.999563  
6.096261 	 0.999594  
6.097831 	 0.999623  
6.099402 	 0.999649  
6.100973 	 0.999672  
6.102544 	 0.999694  
6.104115 	 0.999714  
6.105685 	 0.999732  
6.107256 	 0.999748  
6.108827 	 0.999764  
6.110398 	 0.999778  
6.111969 	 0.999791  
6.113539 	 0.999803  
6.115110 	 0.999814  
6.116681 	 0.999824  
6.118252 	 0.999834  
6.119822 	 0.999843  
6.121393 	 0.999851  
6.122964 	 0.999859  
6.124535 	 0.999866  
6.126106 	 0.999873  
6.127676 	 0.999880  
6.129247 	 0.999886  
6.130818 	 0.999891  
6.132389 	 0.999897  
6.133960 	 0.999902  
6.135530 	 0.999907  
6.137101 	 0.999911  
6.138672 	 0.999915  
6.140243 	 0.999919  
6.141814 	 0.999923  
6.143384 	 0.999927  
6.144955 	 0.999930  
6.146526 	 0.999933  
6.148097 	 0.999936  
6.149668 	 0.999939  
6.151238 	 0.999942  
6.152809 	 0.999945  
6.154380 	 0.999947  
6.155951 	 0.999950  
6.157522 	 0.999952  
6.159092 	 0.999954  
6.160663 	 0.999956  
6.162234 	 0.999958  
6.163805 	 0.999960  
6.165376 	 0.999962  
6.166946 	 0.999963  
6.168517 	 0.999965  
6.170088 	 0.999967  
6.171659 	 0.999968  
6.173230 	 0.999969  
6.174800 	 0.999971  
6.176371 	 0.999972  
6.177942 	 0.999973  
6.179513 	 0.999975  
6.181084 	 0.999976  
6.182654 	 0.999977  
6.184225 	 0.999978  
6.185796 	 0.999979  
6.187367 	 0.999980  
6.188938 	 0.999981  
6.190508 	 0.999982  
6.192079 	 0.999983  
6.193650 	 0.999984  
6.195221 	 0.999984  
6.196792 	 0.999985  
6.198362 	 0.999986  
6.199933 	 0.999987  
6.201504 	 0.999987  
6.203075 	 0.999988  
6.204645 	 0.999989  
6.206216 	 0.999989  
6.207787 	 0.999990  
6.209358 	 0.999990  
6.210929 	 0.999991  
6.212499 	 0.999991  
6.214070 	 0.999992  
6.215641 	 0.999992  
6.217212 	 0.999993  
6.218783 	 0.999993  
6.220353 	 0.999994  
6.221924 	 0.999994  
6.223495 	 0.999995  
6.225066 	 0.999995  
6.226637 	 0.999995  
6.228207 	 0.999996  
6.229778 	 0.999996  
6.231349 	 0.999996  
6.232920 	 0.999997  
6.234491 	 0.999997  
6.236061 	 0.999997  
6.237632 	 0.999997  
6.239203 	 0.999998  
6.240774 	 0.999998  
6.242345 	 0.999998  
6.243915 	 0.999998  
6.245486 	 0.999999  
6.247057 	 0.999999  
6.248628 	 0.999999  
6.250199 	 0.999999  
6.251769 	 0.999999  
6.253340 	 1.000000  
6.254911 	 1.000000  
6.256482 	 1.000000  
6.258053 	 1.000000  
6.259623 	 1.000000  
6.261194 	 1.000000  
6.262765 	 1.000000  
6.264336 	 1.000000  
6.265907 	 1.000001  
6.267477 	 1.000001  
6.269048 	 1.000001  
6.270619 	 1.000001  
6.272190 	 1.000001  
6.273761 	 1.000001  
6.275331 	 1.000001  
6.276902 	 1.000001  
6.278473 	 1.000001  
6.280044 	 1.000001  
6.281615 	 1.000001  
